{
 "cells": [
  {
   "cell_type": "code",
   "execution_count": 3,
   "metadata": {
    "collapsed": true,
    "ExecuteTime": {
     "start_time": "2023-06-05T17:41:25.951306Z",
     "end_time": "2023-06-05T17:41:25.971837Z"
    }
   },
   "outputs": [],
   "source": [
    "import pandas as pd\n",
    "from scipy.spatial.distance import pdist, squareform\n",
    "import seaborn as sns\n",
    "from sklearn.cluster import AgglomerativeClustering\n",
    "import data_exploration as de"
   ]
  },
  {
   "cell_type": "markdown",
   "source": [],
   "metadata": {
    "collapsed": false
   }
  },
  {
   "cell_type": "code",
   "execution_count": 4,
   "outputs": [
    {
     "data": {
      "text/plain": "              Name Abbr Letter  Molecular Weight Molecular Formula  \\\n0          Alanine  Ala      A             89.10           C3H7NO2   \n1         Cysteine  Cys      C            121.16          C3H7NO2S   \n2    Aspartic acid  Asp      D            133.11           C4H7NO4   \n3    Glutamic acid  Glu      E            147.13           C5H9NO4   \n4    Phenylalanine  Phe      F            165.19          C9H11NO2   \n5          Glycine  Gly      G             75.07           C2H5NO2   \n6        Histidine  His      H            155.16          C6H9N3O2   \n7       Isoleucine  Ile      I            131.18          C6H13NO2   \n8           Lysine  Lys      K            146.19         C6H14N2O2   \n9          Leucine  Leu      L            131.18          C6H13NO2   \n10      Methionine  Met      M            149.21         C5H11NO2S   \n11      Asparagine  Asn      N            132.12          C4H8N2O3   \n12  Hydroxyproline  Hyp      O            131.13           C5H9NO3   \n13         Proline  Pro      P            115.13           C5H9NO2   \n14       Glutamine  Gln      Q            146.15         C5H10N2O3   \n15        Arginine  Arg      R            174.20         C6H14N4O2   \n16          Serine  Ser      S            105.09           C3H7NO3   \n17       Threonine  Thr      T            119.12           C4H9NO3   \n18  Pyroglutamatic  Glp      U            139.11           C5H7NO3   \n19          Valine  Val      V            117.15          C5H11NO2   \n\n   Residue Formula  Residue Weight  pKa1   pKb2   pKx3  ...    VSC    P1  \\\n0           C3H5NO           71.08  2.34   9.69    NaN  ...   27.5   8.1   \n1          C3H5NOS          103.15  1.96  10.28   8.18  ...   44.6   5.5   \n2          C4H5NO3          115.09  1.88   9.60   3.65  ...   40.0  13.0   \n3          C5H7NO3          129.12  2.19   9.67   4.25  ...   62.0  12.3   \n4           C9H9NO          147.18  1.83   9.13    NaN  ...  115.5   5.2   \n5           C2H3NO           57.05  2.34   9.60    NaN  ...    0.0   9.0   \n6          C6H7N3O          137.14  1.82   9.17   6.00  ...   79.0  10.4   \n7          C6H11NO          113.16  2.36   9.60    NaN  ...   93.5   5.2   \n8         C6H12N2O          128.18  2.18   8.95  10.53  ...  100.0  11.3   \n9          C6H11NO          113.16  2.36   9.60    NaN  ...   93.5   4.9   \n10         C5H9NOS          131.20  2.28   9.21    NaN  ...   94.1   5.7   \n11        C4H6N2O2          114.11  2.02   8.80    NaN  ...   58.7  11.6   \n12         C5H7NO2          113.11  1.82   9.65    NaN  ...    NaN   NaN   \n13          C5H7NO           97.12  1.99  10.60    NaN  ...   41.9   8.0   \n14        C5H8N2O2          128.13  2.17   9.13    NaN  ...   80.7  10.5   \n15        C6H12N4O          156.19  2.17   9.04  12.48  ...  105.0  10.5   \n16         C3H5NO2           87.08  2.21   9.15    NaN  ...   29.3   9.2   \n17         C4H7NO2          101.11  2.09   9.10    NaN  ...   51.3   8.6   \n18         C5H5NO2          121.09   NaN    NaN    NaN  ...    NaN   NaN   \n19          C5H9NO           99.13  2.32   9.62    NaN  ...   71.5   5.9   \n\n       P2   SASA     NCISC  carbon  hydrogen  nitrogen  oxygen  sulfur  \n0   0.046  1.181  0.007187       3         7         1       2       0  \n1   0.128  1.461 -0.036610       3         7         1       2       1  \n2   0.105  1.587 -0.023820       4         7         1       4       0  \n3   0.151  1.862  0.006802       5         9         1       4       0  \n4   0.290  2.228  0.037552       9        11         1       2       0  \n5   0.000  0.881  0.179052       2         5         1       2       0  \n6   0.230  2.025 -0.010690       6         9         3       2       0  \n7   0.186  1.810  0.021631       6        13         1       2       0  \n8   0.219  2.258  0.017708       6        14         2       2       0  \n9   0.186  1.931  0.051672       6        13         1       2       0  \n10  0.221  2.034  0.002683       5        11         1       2       1  \n11  0.134  1.655  0.005392       4         8         2       3       0  \n12    NaN    NaN       NaN       5         9         1       3       0  \n13  0.131  1.468  0.239531       5         9         1       2       0  \n14  0.180  1.932  0.049211       5        10         2       3       0  \n15  0.291  2.560  0.043587       6        14         4       2       0  \n16  0.062  1.298  0.004627       3         7         1       3       0  \n17  0.108  1.525  0.003352       4         9         1       3       0  \n18    NaN    NaN       NaN       5         7         1       3       0  \n19  0.140  1.645  0.057004       5        11         1       2       0  \n\n[20 rows x 22 columns]",
      "text/html": "<div>\n<style scoped>\n    .dataframe tbody tr th:only-of-type {\n        vertical-align: middle;\n    }\n\n    .dataframe tbody tr th {\n        vertical-align: top;\n    }\n\n    .dataframe thead th {\n        text-align: right;\n    }\n</style>\n<table border=\"1\" class=\"dataframe\">\n  <thead>\n    <tr style=\"text-align: right;\">\n      <th></th>\n      <th>Name</th>\n      <th>Abbr</th>\n      <th>Letter</th>\n      <th>Molecular Weight</th>\n      <th>Molecular Formula</th>\n      <th>Residue Formula</th>\n      <th>Residue Weight</th>\n      <th>pKa1</th>\n      <th>pKb2</th>\n      <th>pKx3</th>\n      <th>...</th>\n      <th>VSC</th>\n      <th>P1</th>\n      <th>P2</th>\n      <th>SASA</th>\n      <th>NCISC</th>\n      <th>carbon</th>\n      <th>hydrogen</th>\n      <th>nitrogen</th>\n      <th>oxygen</th>\n      <th>sulfur</th>\n    </tr>\n  </thead>\n  <tbody>\n    <tr>\n      <th>0</th>\n      <td>Alanine</td>\n      <td>Ala</td>\n      <td>A</td>\n      <td>89.10</td>\n      <td>C3H7NO2</td>\n      <td>C3H5NO</td>\n      <td>71.08</td>\n      <td>2.34</td>\n      <td>9.69</td>\n      <td>NaN</td>\n      <td>...</td>\n      <td>27.5</td>\n      <td>8.1</td>\n      <td>0.046</td>\n      <td>1.181</td>\n      <td>0.007187</td>\n      <td>3</td>\n      <td>7</td>\n      <td>1</td>\n      <td>2</td>\n      <td>0</td>\n    </tr>\n    <tr>\n      <th>1</th>\n      <td>Cysteine</td>\n      <td>Cys</td>\n      <td>C</td>\n      <td>121.16</td>\n      <td>C3H7NO2S</td>\n      <td>C3H5NOS</td>\n      <td>103.15</td>\n      <td>1.96</td>\n      <td>10.28</td>\n      <td>8.18</td>\n      <td>...</td>\n      <td>44.6</td>\n      <td>5.5</td>\n      <td>0.128</td>\n      <td>1.461</td>\n      <td>-0.036610</td>\n      <td>3</td>\n      <td>7</td>\n      <td>1</td>\n      <td>2</td>\n      <td>1</td>\n    </tr>\n    <tr>\n      <th>2</th>\n      <td>Aspartic acid</td>\n      <td>Asp</td>\n      <td>D</td>\n      <td>133.11</td>\n      <td>C4H7NO4</td>\n      <td>C4H5NO3</td>\n      <td>115.09</td>\n      <td>1.88</td>\n      <td>9.60</td>\n      <td>3.65</td>\n      <td>...</td>\n      <td>40.0</td>\n      <td>13.0</td>\n      <td>0.105</td>\n      <td>1.587</td>\n      <td>-0.023820</td>\n      <td>4</td>\n      <td>7</td>\n      <td>1</td>\n      <td>4</td>\n      <td>0</td>\n    </tr>\n    <tr>\n      <th>3</th>\n      <td>Glutamic acid</td>\n      <td>Glu</td>\n      <td>E</td>\n      <td>147.13</td>\n      <td>C5H9NO4</td>\n      <td>C5H7NO3</td>\n      <td>129.12</td>\n      <td>2.19</td>\n      <td>9.67</td>\n      <td>4.25</td>\n      <td>...</td>\n      <td>62.0</td>\n      <td>12.3</td>\n      <td>0.151</td>\n      <td>1.862</td>\n      <td>0.006802</td>\n      <td>5</td>\n      <td>9</td>\n      <td>1</td>\n      <td>4</td>\n      <td>0</td>\n    </tr>\n    <tr>\n      <th>4</th>\n      <td>Phenylalanine</td>\n      <td>Phe</td>\n      <td>F</td>\n      <td>165.19</td>\n      <td>C9H11NO2</td>\n      <td>C9H9NO</td>\n      <td>147.18</td>\n      <td>1.83</td>\n      <td>9.13</td>\n      <td>NaN</td>\n      <td>...</td>\n      <td>115.5</td>\n      <td>5.2</td>\n      <td>0.290</td>\n      <td>2.228</td>\n      <td>0.037552</td>\n      <td>9</td>\n      <td>11</td>\n      <td>1</td>\n      <td>2</td>\n      <td>0</td>\n    </tr>\n    <tr>\n      <th>5</th>\n      <td>Glycine</td>\n      <td>Gly</td>\n      <td>G</td>\n      <td>75.07</td>\n      <td>C2H5NO2</td>\n      <td>C2H3NO</td>\n      <td>57.05</td>\n      <td>2.34</td>\n      <td>9.60</td>\n      <td>NaN</td>\n      <td>...</td>\n      <td>0.0</td>\n      <td>9.0</td>\n      <td>0.000</td>\n      <td>0.881</td>\n      <td>0.179052</td>\n      <td>2</td>\n      <td>5</td>\n      <td>1</td>\n      <td>2</td>\n      <td>0</td>\n    </tr>\n    <tr>\n      <th>6</th>\n      <td>Histidine</td>\n      <td>His</td>\n      <td>H</td>\n      <td>155.16</td>\n      <td>C6H9N3O2</td>\n      <td>C6H7N3O</td>\n      <td>137.14</td>\n      <td>1.82</td>\n      <td>9.17</td>\n      <td>6.00</td>\n      <td>...</td>\n      <td>79.0</td>\n      <td>10.4</td>\n      <td>0.230</td>\n      <td>2.025</td>\n      <td>-0.010690</td>\n      <td>6</td>\n      <td>9</td>\n      <td>3</td>\n      <td>2</td>\n      <td>0</td>\n    </tr>\n    <tr>\n      <th>7</th>\n      <td>Isoleucine</td>\n      <td>Ile</td>\n      <td>I</td>\n      <td>131.18</td>\n      <td>C6H13NO2</td>\n      <td>C6H11NO</td>\n      <td>113.16</td>\n      <td>2.36</td>\n      <td>9.60</td>\n      <td>NaN</td>\n      <td>...</td>\n      <td>93.5</td>\n      <td>5.2</td>\n      <td>0.186</td>\n      <td>1.810</td>\n      <td>0.021631</td>\n      <td>6</td>\n      <td>13</td>\n      <td>1</td>\n      <td>2</td>\n      <td>0</td>\n    </tr>\n    <tr>\n      <th>8</th>\n      <td>Lysine</td>\n      <td>Lys</td>\n      <td>K</td>\n      <td>146.19</td>\n      <td>C6H14N2O2</td>\n      <td>C6H12N2O</td>\n      <td>128.18</td>\n      <td>2.18</td>\n      <td>8.95</td>\n      <td>10.53</td>\n      <td>...</td>\n      <td>100.0</td>\n      <td>11.3</td>\n      <td>0.219</td>\n      <td>2.258</td>\n      <td>0.017708</td>\n      <td>6</td>\n      <td>14</td>\n      <td>2</td>\n      <td>2</td>\n      <td>0</td>\n    </tr>\n    <tr>\n      <th>9</th>\n      <td>Leucine</td>\n      <td>Leu</td>\n      <td>L</td>\n      <td>131.18</td>\n      <td>C6H13NO2</td>\n      <td>C6H11NO</td>\n      <td>113.16</td>\n      <td>2.36</td>\n      <td>9.60</td>\n      <td>NaN</td>\n      <td>...</td>\n      <td>93.5</td>\n      <td>4.9</td>\n      <td>0.186</td>\n      <td>1.931</td>\n      <td>0.051672</td>\n      <td>6</td>\n      <td>13</td>\n      <td>1</td>\n      <td>2</td>\n      <td>0</td>\n    </tr>\n    <tr>\n      <th>10</th>\n      <td>Methionine</td>\n      <td>Met</td>\n      <td>M</td>\n      <td>149.21</td>\n      <td>C5H11NO2S</td>\n      <td>C5H9NOS</td>\n      <td>131.20</td>\n      <td>2.28</td>\n      <td>9.21</td>\n      <td>NaN</td>\n      <td>...</td>\n      <td>94.1</td>\n      <td>5.7</td>\n      <td>0.221</td>\n      <td>2.034</td>\n      <td>0.002683</td>\n      <td>5</td>\n      <td>11</td>\n      <td>1</td>\n      <td>2</td>\n      <td>1</td>\n    </tr>\n    <tr>\n      <th>11</th>\n      <td>Asparagine</td>\n      <td>Asn</td>\n      <td>N</td>\n      <td>132.12</td>\n      <td>C4H8N2O3</td>\n      <td>C4H6N2O2</td>\n      <td>114.11</td>\n      <td>2.02</td>\n      <td>8.80</td>\n      <td>NaN</td>\n      <td>...</td>\n      <td>58.7</td>\n      <td>11.6</td>\n      <td>0.134</td>\n      <td>1.655</td>\n      <td>0.005392</td>\n      <td>4</td>\n      <td>8</td>\n      <td>2</td>\n      <td>3</td>\n      <td>0</td>\n    </tr>\n    <tr>\n      <th>12</th>\n      <td>Hydroxyproline</td>\n      <td>Hyp</td>\n      <td>O</td>\n      <td>131.13</td>\n      <td>C5H9NO3</td>\n      <td>C5H7NO2</td>\n      <td>113.11</td>\n      <td>1.82</td>\n      <td>9.65</td>\n      <td>NaN</td>\n      <td>...</td>\n      <td>NaN</td>\n      <td>NaN</td>\n      <td>NaN</td>\n      <td>NaN</td>\n      <td>NaN</td>\n      <td>5</td>\n      <td>9</td>\n      <td>1</td>\n      <td>3</td>\n      <td>0</td>\n    </tr>\n    <tr>\n      <th>13</th>\n      <td>Proline</td>\n      <td>Pro</td>\n      <td>P</td>\n      <td>115.13</td>\n      <td>C5H9NO2</td>\n      <td>C5H7NO</td>\n      <td>97.12</td>\n      <td>1.99</td>\n      <td>10.60</td>\n      <td>NaN</td>\n      <td>...</td>\n      <td>41.9</td>\n      <td>8.0</td>\n      <td>0.131</td>\n      <td>1.468</td>\n      <td>0.239531</td>\n      <td>5</td>\n      <td>9</td>\n      <td>1</td>\n      <td>2</td>\n      <td>0</td>\n    </tr>\n    <tr>\n      <th>14</th>\n      <td>Glutamine</td>\n      <td>Gln</td>\n      <td>Q</td>\n      <td>146.15</td>\n      <td>C5H10N2O3</td>\n      <td>C5H8N2O2</td>\n      <td>128.13</td>\n      <td>2.17</td>\n      <td>9.13</td>\n      <td>NaN</td>\n      <td>...</td>\n      <td>80.7</td>\n      <td>10.5</td>\n      <td>0.180</td>\n      <td>1.932</td>\n      <td>0.049211</td>\n      <td>5</td>\n      <td>10</td>\n      <td>2</td>\n      <td>3</td>\n      <td>0</td>\n    </tr>\n    <tr>\n      <th>15</th>\n      <td>Arginine</td>\n      <td>Arg</td>\n      <td>R</td>\n      <td>174.20</td>\n      <td>C6H14N4O2</td>\n      <td>C6H12N4O</td>\n      <td>156.19</td>\n      <td>2.17</td>\n      <td>9.04</td>\n      <td>12.48</td>\n      <td>...</td>\n      <td>105.0</td>\n      <td>10.5</td>\n      <td>0.291</td>\n      <td>2.560</td>\n      <td>0.043587</td>\n      <td>6</td>\n      <td>14</td>\n      <td>4</td>\n      <td>2</td>\n      <td>0</td>\n    </tr>\n    <tr>\n      <th>16</th>\n      <td>Serine</td>\n      <td>Ser</td>\n      <td>S</td>\n      <td>105.09</td>\n      <td>C3H7NO3</td>\n      <td>C3H5NO2</td>\n      <td>87.08</td>\n      <td>2.21</td>\n      <td>9.15</td>\n      <td>NaN</td>\n      <td>...</td>\n      <td>29.3</td>\n      <td>9.2</td>\n      <td>0.062</td>\n      <td>1.298</td>\n      <td>0.004627</td>\n      <td>3</td>\n      <td>7</td>\n      <td>1</td>\n      <td>3</td>\n      <td>0</td>\n    </tr>\n    <tr>\n      <th>17</th>\n      <td>Threonine</td>\n      <td>Thr</td>\n      <td>T</td>\n      <td>119.12</td>\n      <td>C4H9NO3</td>\n      <td>C4H7NO2</td>\n      <td>101.11</td>\n      <td>2.09</td>\n      <td>9.10</td>\n      <td>NaN</td>\n      <td>...</td>\n      <td>51.3</td>\n      <td>8.6</td>\n      <td>0.108</td>\n      <td>1.525</td>\n      <td>0.003352</td>\n      <td>4</td>\n      <td>9</td>\n      <td>1</td>\n      <td>3</td>\n      <td>0</td>\n    </tr>\n    <tr>\n      <th>18</th>\n      <td>Pyroglutamatic</td>\n      <td>Glp</td>\n      <td>U</td>\n      <td>139.11</td>\n      <td>C5H7NO3</td>\n      <td>C5H5NO2</td>\n      <td>121.09</td>\n      <td>NaN</td>\n      <td>NaN</td>\n      <td>NaN</td>\n      <td>...</td>\n      <td>NaN</td>\n      <td>NaN</td>\n      <td>NaN</td>\n      <td>NaN</td>\n      <td>NaN</td>\n      <td>5</td>\n      <td>7</td>\n      <td>1</td>\n      <td>3</td>\n      <td>0</td>\n    </tr>\n    <tr>\n      <th>19</th>\n      <td>Valine</td>\n      <td>Val</td>\n      <td>V</td>\n      <td>117.15</td>\n      <td>C5H11NO2</td>\n      <td>C5H9NO</td>\n      <td>99.13</td>\n      <td>2.32</td>\n      <td>9.62</td>\n      <td>NaN</td>\n      <td>...</td>\n      <td>71.5</td>\n      <td>5.9</td>\n      <td>0.140</td>\n      <td>1.645</td>\n      <td>0.057004</td>\n      <td>5</td>\n      <td>11</td>\n      <td>1</td>\n      <td>2</td>\n      <td>0</td>\n    </tr>\n  </tbody>\n</table>\n<p>20 rows × 22 columns</p>\n</div>"
     },
     "execution_count": 4,
     "metadata": {},
     "output_type": "execute_result"
    }
   ],
   "source": [
    "aa = pd.read_csv('../DMS_data/aminoacids.csv')\n",
    "aa.head(20)"
   ],
   "metadata": {
    "collapsed": false,
    "ExecuteTime": {
     "start_time": "2023-06-05T17:41:26.831060Z",
     "end_time": "2023-06-05T17:41:26.874514Z"
    }
   }
  },
  {
   "cell_type": "code",
   "execution_count": 5,
   "outputs": [],
   "source": [
    "#Entfernen von Hydroxyproline und Pyroglutamat\n",
    "aa_nat = aa.drop(index=[12, 18])\n",
    "#Speichern der \"Letter\"-Spalte für Benennung der neuen Spalten\n",
    "labels_column = 'Letter'\n",
    "#Entfernen aller nicht-numerischen Spalten und pKx3, da unvollständig\n",
    "aa_rmv = aa_nat.drop(['Name', 'Abbr','Letter', 'Molecular Formula', 'Residue Formula', 'pKx3'], axis=1)\n",
    "#Berechnen der Distanzen der AA zueinander\n",
    "aa_distances = pdist(aa_rmv.values)\n",
    "#Umschreiben in eine distanzmatrix\n",
    "aa_matrix = squareform(aa_distances)\n",
    "#Umwandeln zurück in einen DF zur besseren Übersicht\n",
    "aa_df = pd.DataFrame(aa_matrix, index=aa_nat[labels_column], columns=aa_nat[labels_column])"
   ],
   "metadata": {
    "collapsed": false,
    "ExecuteTime": {
     "start_time": "2023-06-05T17:41:27.867746Z",
     "end_time": "2023-06-05T17:41:27.877830Z"
    }
   }
  },
  {
   "cell_type": "code",
   "execution_count": null,
   "outputs": [],
   "source": [],
   "metadata": {
    "collapsed": false
   }
  },
  {
   "cell_type": "code",
   "execution_count": 6,
   "outputs": [
    {
     "data": {
      "text/plain": "Letter           A           C           D           E           F  \\\nLetter                                                               \nA         0.000000   48.559776   63.813419   89.252945  139.239484   \nC        48.559776    0.000000   19.389883   41.424068   94.657907   \nD        63.813419   19.389883    0.000000   29.720348   88.754543   \nE        89.252945   41.424068   29.720348    0.000000   59.986625   \nF       139.239484   94.657907   88.754543   59.986625    0.000000   \nG        33.998413   79.112327   91.532452  119.501931  172.301669   \nH       106.804696   59.540721   50.398845   21.214236   39.808561   \nI        89.173229   51.388151   54.686282   39.814023   53.028820   \nK       108.928478   66.657922   63.665084   39.006862   32.311065   \nL        89.182282   51.385270   54.715779   39.850138   53.028279   \nM       108.124959   63.608586   59.435349   33.168235   31.409448   \nN        68.523181   22.017201   19.085084   21.716511   74.127150   \nP        39.654088    9.848005   26.427427   49.858206  102.281253   \nQ        96.765772   50.950417   44.983943   19.081065   44.586546   \nR       143.526048   97.009248   87.992776   58.461705   19.226309   \nS        22.763896   27.717049   41.352081   68.041055  121.352543   \nT        48.752774    8.463752   23.499800   41.302434   91.707354   \nV        59.454942   27.911192   39.842249   44.139547   81.056891   \nW       201.335873  155.167944  146.285339  116.625077   62.895681   \nY       158.384665  112.025053  103.433815   73.783551   22.766081   \n\nLetter           G           H           I           K           L  \\\nLetter                                                               \nA        33.998413  106.804696   89.173229  108.928478   89.182282   \nC        79.112327   59.540721   51.388151   66.657922   51.385270   \nD        91.532452   50.398845   54.686282   63.665084   54.715779   \nE       119.501931   21.214236   39.814023   39.006862   39.850138   \nF       172.301669   39.808561   53.028820   32.311065   53.028279   \nG         0.000000  138.249875  123.024752  142.272179  123.033387   \nH       138.249875    0.000000   37.596939   25.191630   37.627060   \nI       123.024752   37.596939    0.000000   23.561622    0.457759   \nK       142.272179   25.191630   23.561622    0.000000   23.608595   \nL       123.033387   37.627060    0.457759   23.608595    0.000000   \nM       141.096795   18.316761   25.650902   10.822126   25.650131   \nN        99.906391   38.561283   35.925011   46.501572   35.961969   \nP        70.666434   67.790576   56.614967   73.217791   56.625345   \nQ       129.068771   13.166820   25.642041   20.209552   25.679094   \nR       175.567694   37.979629   62.540553   40.012083   62.549214   \nS        51.657319   86.642625   74.481854   91.981157   74.493324   \nT        80.843823   58.146350   45.898561   62.412918   45.913492   \nV        93.323587   54.593746   29.720330   50.610581   29.728245   \nW       233.848598   96.461523  115.786400   94.299090  115.785308   \nY       190.737751   53.503313   74.742318   53.057406   74.741842   \n\nLetter           M           N           P           Q           R  \\\nLetter                                                               \nA       108.124959   68.523181   39.654088   96.765772  143.526048   \nC        63.608586   22.017201    9.848005   50.950417   97.009248   \nD        59.435349   19.085084   26.427427   44.983943   87.992776   \nE        33.168235   21.716511   49.858206   19.081065   58.461705   \nF        31.409448   74.127150  102.281253   44.586546   19.226309   \nG       141.096795   99.906391   70.666434  129.068771  175.567694   \nH        18.316761   38.561283   67.790576   13.166820   37.979629   \nI        25.650902   35.925011   56.614967   25.642041   62.540553   \nK        10.822126   46.501572   73.217791   20.209552   40.012083   \nL        25.650131   35.961969   56.625345   25.679094   62.549214   \nM         0.000000   43.446731   71.140759   15.088057   38.031878   \nN        43.446731    0.000000   29.689274   29.730220   75.920768   \nP        71.140759   29.689274    0.000000   58.671638  105.033454   \nQ        15.088057   29.730220   58.671638    0.000000   47.074467   \nR        38.031878   75.920768  105.033454   47.074467    0.000000   \nS        90.153704   48.322727   19.326597   77.650150  124.038516   \nT        60.488693   20.110730   11.198154   48.295901   95.014763   \nV        50.682354   25.716893   29.914240   42.367058   87.808014   \nW        93.468012  134.325127  163.302480  104.965174   59.483754   \nY        51.011919   91.190230  120.169984   61.917625   18.147656   \n\nLetter           S           T           V           W           Y  \nLetter                                                              \nA        22.763896   48.752774   59.454942  201.335873  158.384665  \nC        27.717049    8.463752   27.911192  155.167944  112.025053  \nD        41.352081   23.499800   39.842249  146.285339  103.433815  \nE        68.041055   41.302434   44.139547  116.625077   73.783551  \nF       121.352543   91.707354   81.056891   62.895681   22.766081  \nG        51.657319   80.843823   93.323587  233.848598  190.737751  \nH        86.642625   58.146350   54.593746   96.461523   53.503313  \nI        74.481854   45.898561   29.720330  115.786400   74.742318  \nK        91.981157   62.412918   50.610581   94.299090   53.057406  \nL        74.493324   45.913492   29.728245  115.785308   74.741842  \nM        90.153704   60.488693   50.682354   93.468012   51.011919  \nN        48.322727   20.110730   25.716893  134.325127   91.190230  \nP        19.326597   11.198154   29.914240  163.302480  120.169984  \nQ        77.650150   48.295901   42.367058  104.965174   61.917625  \nR       124.038516   95.014763   87.808014   59.483754   18.147656  \nS         0.000000   29.717598   45.884685  182.397396  139.243731  \nT        29.717598    0.000000   20.757635  153.082156  109.986312  \nV        45.884685   20.757635    0.000000  143.817052  101.586612  \nW       182.397396  153.082156  143.817052    0.000000   43.191359  \nY       139.243731  109.986312  101.586612   43.191359    0.000000  ",
      "text/html": "<div>\n<style scoped>\n    .dataframe tbody tr th:only-of-type {\n        vertical-align: middle;\n    }\n\n    .dataframe tbody tr th {\n        vertical-align: top;\n    }\n\n    .dataframe thead th {\n        text-align: right;\n    }\n</style>\n<table border=\"1\" class=\"dataframe\">\n  <thead>\n    <tr style=\"text-align: right;\">\n      <th>Letter</th>\n      <th>A</th>\n      <th>C</th>\n      <th>D</th>\n      <th>E</th>\n      <th>F</th>\n      <th>G</th>\n      <th>H</th>\n      <th>I</th>\n      <th>K</th>\n      <th>L</th>\n      <th>M</th>\n      <th>N</th>\n      <th>P</th>\n      <th>Q</th>\n      <th>R</th>\n      <th>S</th>\n      <th>T</th>\n      <th>V</th>\n      <th>W</th>\n      <th>Y</th>\n    </tr>\n    <tr>\n      <th>Letter</th>\n      <th></th>\n      <th></th>\n      <th></th>\n      <th></th>\n      <th></th>\n      <th></th>\n      <th></th>\n      <th></th>\n      <th></th>\n      <th></th>\n      <th></th>\n      <th></th>\n      <th></th>\n      <th></th>\n      <th></th>\n      <th></th>\n      <th></th>\n      <th></th>\n      <th></th>\n      <th></th>\n    </tr>\n  </thead>\n  <tbody>\n    <tr>\n      <th>A</th>\n      <td>0.000000</td>\n      <td>48.559776</td>\n      <td>63.813419</td>\n      <td>89.252945</td>\n      <td>139.239484</td>\n      <td>33.998413</td>\n      <td>106.804696</td>\n      <td>89.173229</td>\n      <td>108.928478</td>\n      <td>89.182282</td>\n      <td>108.124959</td>\n      <td>68.523181</td>\n      <td>39.654088</td>\n      <td>96.765772</td>\n      <td>143.526048</td>\n      <td>22.763896</td>\n      <td>48.752774</td>\n      <td>59.454942</td>\n      <td>201.335873</td>\n      <td>158.384665</td>\n    </tr>\n    <tr>\n      <th>C</th>\n      <td>48.559776</td>\n      <td>0.000000</td>\n      <td>19.389883</td>\n      <td>41.424068</td>\n      <td>94.657907</td>\n      <td>79.112327</td>\n      <td>59.540721</td>\n      <td>51.388151</td>\n      <td>66.657922</td>\n      <td>51.385270</td>\n      <td>63.608586</td>\n      <td>22.017201</td>\n      <td>9.848005</td>\n      <td>50.950417</td>\n      <td>97.009248</td>\n      <td>27.717049</td>\n      <td>8.463752</td>\n      <td>27.911192</td>\n      <td>155.167944</td>\n      <td>112.025053</td>\n    </tr>\n    <tr>\n      <th>D</th>\n      <td>63.813419</td>\n      <td>19.389883</td>\n      <td>0.000000</td>\n      <td>29.720348</td>\n      <td>88.754543</td>\n      <td>91.532452</td>\n      <td>50.398845</td>\n      <td>54.686282</td>\n      <td>63.665084</td>\n      <td>54.715779</td>\n      <td>59.435349</td>\n      <td>19.085084</td>\n      <td>26.427427</td>\n      <td>44.983943</td>\n      <td>87.992776</td>\n      <td>41.352081</td>\n      <td>23.499800</td>\n      <td>39.842249</td>\n      <td>146.285339</td>\n      <td>103.433815</td>\n    </tr>\n    <tr>\n      <th>E</th>\n      <td>89.252945</td>\n      <td>41.424068</td>\n      <td>29.720348</td>\n      <td>0.000000</td>\n      <td>59.986625</td>\n      <td>119.501931</td>\n      <td>21.214236</td>\n      <td>39.814023</td>\n      <td>39.006862</td>\n      <td>39.850138</td>\n      <td>33.168235</td>\n      <td>21.716511</td>\n      <td>49.858206</td>\n      <td>19.081065</td>\n      <td>58.461705</td>\n      <td>68.041055</td>\n      <td>41.302434</td>\n      <td>44.139547</td>\n      <td>116.625077</td>\n      <td>73.783551</td>\n    </tr>\n    <tr>\n      <th>F</th>\n      <td>139.239484</td>\n      <td>94.657907</td>\n      <td>88.754543</td>\n      <td>59.986625</td>\n      <td>0.000000</td>\n      <td>172.301669</td>\n      <td>39.808561</td>\n      <td>53.028820</td>\n      <td>32.311065</td>\n      <td>53.028279</td>\n      <td>31.409448</td>\n      <td>74.127150</td>\n      <td>102.281253</td>\n      <td>44.586546</td>\n      <td>19.226309</td>\n      <td>121.352543</td>\n      <td>91.707354</td>\n      <td>81.056891</td>\n      <td>62.895681</td>\n      <td>22.766081</td>\n    </tr>\n    <tr>\n      <th>G</th>\n      <td>33.998413</td>\n      <td>79.112327</td>\n      <td>91.532452</td>\n      <td>119.501931</td>\n      <td>172.301669</td>\n      <td>0.000000</td>\n      <td>138.249875</td>\n      <td>123.024752</td>\n      <td>142.272179</td>\n      <td>123.033387</td>\n      <td>141.096795</td>\n      <td>99.906391</td>\n      <td>70.666434</td>\n      <td>129.068771</td>\n      <td>175.567694</td>\n      <td>51.657319</td>\n      <td>80.843823</td>\n      <td>93.323587</td>\n      <td>233.848598</td>\n      <td>190.737751</td>\n    </tr>\n    <tr>\n      <th>H</th>\n      <td>106.804696</td>\n      <td>59.540721</td>\n      <td>50.398845</td>\n      <td>21.214236</td>\n      <td>39.808561</td>\n      <td>138.249875</td>\n      <td>0.000000</td>\n      <td>37.596939</td>\n      <td>25.191630</td>\n      <td>37.627060</td>\n      <td>18.316761</td>\n      <td>38.561283</td>\n      <td>67.790576</td>\n      <td>13.166820</td>\n      <td>37.979629</td>\n      <td>86.642625</td>\n      <td>58.146350</td>\n      <td>54.593746</td>\n      <td>96.461523</td>\n      <td>53.503313</td>\n    </tr>\n    <tr>\n      <th>I</th>\n      <td>89.173229</td>\n      <td>51.388151</td>\n      <td>54.686282</td>\n      <td>39.814023</td>\n      <td>53.028820</td>\n      <td>123.024752</td>\n      <td>37.596939</td>\n      <td>0.000000</td>\n      <td>23.561622</td>\n      <td>0.457759</td>\n      <td>25.650902</td>\n      <td>35.925011</td>\n      <td>56.614967</td>\n      <td>25.642041</td>\n      <td>62.540553</td>\n      <td>74.481854</td>\n      <td>45.898561</td>\n      <td>29.720330</td>\n      <td>115.786400</td>\n      <td>74.742318</td>\n    </tr>\n    <tr>\n      <th>K</th>\n      <td>108.928478</td>\n      <td>66.657922</td>\n      <td>63.665084</td>\n      <td>39.006862</td>\n      <td>32.311065</td>\n      <td>142.272179</td>\n      <td>25.191630</td>\n      <td>23.561622</td>\n      <td>0.000000</td>\n      <td>23.608595</td>\n      <td>10.822126</td>\n      <td>46.501572</td>\n      <td>73.217791</td>\n      <td>20.209552</td>\n      <td>40.012083</td>\n      <td>91.981157</td>\n      <td>62.412918</td>\n      <td>50.610581</td>\n      <td>94.299090</td>\n      <td>53.057406</td>\n    </tr>\n    <tr>\n      <th>L</th>\n      <td>89.182282</td>\n      <td>51.385270</td>\n      <td>54.715779</td>\n      <td>39.850138</td>\n      <td>53.028279</td>\n      <td>123.033387</td>\n      <td>37.627060</td>\n      <td>0.457759</td>\n      <td>23.608595</td>\n      <td>0.000000</td>\n      <td>25.650131</td>\n      <td>35.961969</td>\n      <td>56.625345</td>\n      <td>25.679094</td>\n      <td>62.549214</td>\n      <td>74.493324</td>\n      <td>45.913492</td>\n      <td>29.728245</td>\n      <td>115.785308</td>\n      <td>74.741842</td>\n    </tr>\n    <tr>\n      <th>M</th>\n      <td>108.124959</td>\n      <td>63.608586</td>\n      <td>59.435349</td>\n      <td>33.168235</td>\n      <td>31.409448</td>\n      <td>141.096795</td>\n      <td>18.316761</td>\n      <td>25.650902</td>\n      <td>10.822126</td>\n      <td>25.650131</td>\n      <td>0.000000</td>\n      <td>43.446731</td>\n      <td>71.140759</td>\n      <td>15.088057</td>\n      <td>38.031878</td>\n      <td>90.153704</td>\n      <td>60.488693</td>\n      <td>50.682354</td>\n      <td>93.468012</td>\n      <td>51.011919</td>\n    </tr>\n    <tr>\n      <th>N</th>\n      <td>68.523181</td>\n      <td>22.017201</td>\n      <td>19.085084</td>\n      <td>21.716511</td>\n      <td>74.127150</td>\n      <td>99.906391</td>\n      <td>38.561283</td>\n      <td>35.925011</td>\n      <td>46.501572</td>\n      <td>35.961969</td>\n      <td>43.446731</td>\n      <td>0.000000</td>\n      <td>29.689274</td>\n      <td>29.730220</td>\n      <td>75.920768</td>\n      <td>48.322727</td>\n      <td>20.110730</td>\n      <td>25.716893</td>\n      <td>134.325127</td>\n      <td>91.190230</td>\n    </tr>\n    <tr>\n      <th>P</th>\n      <td>39.654088</td>\n      <td>9.848005</td>\n      <td>26.427427</td>\n      <td>49.858206</td>\n      <td>102.281253</td>\n      <td>70.666434</td>\n      <td>67.790576</td>\n      <td>56.614967</td>\n      <td>73.217791</td>\n      <td>56.625345</td>\n      <td>71.140759</td>\n      <td>29.689274</td>\n      <td>0.000000</td>\n      <td>58.671638</td>\n      <td>105.033454</td>\n      <td>19.326597</td>\n      <td>11.198154</td>\n      <td>29.914240</td>\n      <td>163.302480</td>\n      <td>120.169984</td>\n    </tr>\n    <tr>\n      <th>Q</th>\n      <td>96.765772</td>\n      <td>50.950417</td>\n      <td>44.983943</td>\n      <td>19.081065</td>\n      <td>44.586546</td>\n      <td>129.068771</td>\n      <td>13.166820</td>\n      <td>25.642041</td>\n      <td>20.209552</td>\n      <td>25.679094</td>\n      <td>15.088057</td>\n      <td>29.730220</td>\n      <td>58.671638</td>\n      <td>0.000000</td>\n      <td>47.074467</td>\n      <td>77.650150</td>\n      <td>48.295901</td>\n      <td>42.367058</td>\n      <td>104.965174</td>\n      <td>61.917625</td>\n    </tr>\n    <tr>\n      <th>R</th>\n      <td>143.526048</td>\n      <td>97.009248</td>\n      <td>87.992776</td>\n      <td>58.461705</td>\n      <td>19.226309</td>\n      <td>175.567694</td>\n      <td>37.979629</td>\n      <td>62.540553</td>\n      <td>40.012083</td>\n      <td>62.549214</td>\n      <td>38.031878</td>\n      <td>75.920768</td>\n      <td>105.033454</td>\n      <td>47.074467</td>\n      <td>0.000000</td>\n      <td>124.038516</td>\n      <td>95.014763</td>\n      <td>87.808014</td>\n      <td>59.483754</td>\n      <td>18.147656</td>\n    </tr>\n    <tr>\n      <th>S</th>\n      <td>22.763896</td>\n      <td>27.717049</td>\n      <td>41.352081</td>\n      <td>68.041055</td>\n      <td>121.352543</td>\n      <td>51.657319</td>\n      <td>86.642625</td>\n      <td>74.481854</td>\n      <td>91.981157</td>\n      <td>74.493324</td>\n      <td>90.153704</td>\n      <td>48.322727</td>\n      <td>19.326597</td>\n      <td>77.650150</td>\n      <td>124.038516</td>\n      <td>0.000000</td>\n      <td>29.717598</td>\n      <td>45.884685</td>\n      <td>182.397396</td>\n      <td>139.243731</td>\n    </tr>\n    <tr>\n      <th>T</th>\n      <td>48.752774</td>\n      <td>8.463752</td>\n      <td>23.499800</td>\n      <td>41.302434</td>\n      <td>91.707354</td>\n      <td>80.843823</td>\n      <td>58.146350</td>\n      <td>45.898561</td>\n      <td>62.412918</td>\n      <td>45.913492</td>\n      <td>60.488693</td>\n      <td>20.110730</td>\n      <td>11.198154</td>\n      <td>48.295901</td>\n      <td>95.014763</td>\n      <td>29.717598</td>\n      <td>0.000000</td>\n      <td>20.757635</td>\n      <td>153.082156</td>\n      <td>109.986312</td>\n    </tr>\n    <tr>\n      <th>V</th>\n      <td>59.454942</td>\n      <td>27.911192</td>\n      <td>39.842249</td>\n      <td>44.139547</td>\n      <td>81.056891</td>\n      <td>93.323587</td>\n      <td>54.593746</td>\n      <td>29.720330</td>\n      <td>50.610581</td>\n      <td>29.728245</td>\n      <td>50.682354</td>\n      <td>25.716893</td>\n      <td>29.914240</td>\n      <td>42.367058</td>\n      <td>87.808014</td>\n      <td>45.884685</td>\n      <td>20.757635</td>\n      <td>0.000000</td>\n      <td>143.817052</td>\n      <td>101.586612</td>\n    </tr>\n    <tr>\n      <th>W</th>\n      <td>201.335873</td>\n      <td>155.167944</td>\n      <td>146.285339</td>\n      <td>116.625077</td>\n      <td>62.895681</td>\n      <td>233.848598</td>\n      <td>96.461523</td>\n      <td>115.786400</td>\n      <td>94.299090</td>\n      <td>115.785308</td>\n      <td>93.468012</td>\n      <td>134.325127</td>\n      <td>163.302480</td>\n      <td>104.965174</td>\n      <td>59.483754</td>\n      <td>182.397396</td>\n      <td>153.082156</td>\n      <td>143.817052</td>\n      <td>0.000000</td>\n      <td>43.191359</td>\n    </tr>\n    <tr>\n      <th>Y</th>\n      <td>158.384665</td>\n      <td>112.025053</td>\n      <td>103.433815</td>\n      <td>73.783551</td>\n      <td>22.766081</td>\n      <td>190.737751</td>\n      <td>53.503313</td>\n      <td>74.742318</td>\n      <td>53.057406</td>\n      <td>74.741842</td>\n      <td>51.011919</td>\n      <td>91.190230</td>\n      <td>120.169984</td>\n      <td>61.917625</td>\n      <td>18.147656</td>\n      <td>139.243731</td>\n      <td>109.986312</td>\n      <td>101.586612</td>\n      <td>43.191359</td>\n      <td>0.000000</td>\n    </tr>\n  </tbody>\n</table>\n</div>"
     },
     "execution_count": 6,
     "metadata": {},
     "output_type": "execute_result"
    }
   ],
   "source": [
    "aa_df.head(20)"
   ],
   "metadata": {
    "collapsed": false,
    "ExecuteTime": {
     "start_time": "2023-06-05T17:41:29.017903Z",
     "end_time": "2023-06-05T17:41:29.022630Z"
    }
   }
  },
  {
   "cell_type": "code",
   "execution_count": 8,
   "outputs": [
    {
     "data": {
      "text/plain": "<seaborn.matrix.ClusterGrid at 0x11dd269e0>"
     },
     "execution_count": 8,
     "metadata": {},
     "output_type": "execute_result"
    },
    {
     "data": {
      "text/plain": "<Figure size 1000x1000 with 4 Axes>",
