{
 "cells": [
  {
   "cell_type": "code",
   "execution_count": 2,
   "metadata": {
    "collapsed": true,
    "ExecuteTime": {
     "start_time": "2023-06-05T20:15:51.802325Z",
     "end_time": "2023-06-05T20:15:52.015943Z"
    }
   },
   "outputs": [],
   "source": [
    "import pandas as pd\n",
    "from sklearn.metrics.pairwise import euclidean_distances\n",
    "import seaborn as sns\n",
    "from sklearn.cluster import AgglomerativeClustering\n",
    "import data_exploration as de\n",
    "import data_cleanup as dc\n",
    "import scipy.stats as stats\n"
   ]
  },
  {
   "cell_type": "markdown",
   "source": [],
   "metadata": {
    "collapsed": false
   }
  },
  {
   "cell_type": "code",
   "execution_count": 3,
   "outputs": [
    {
     "data": {
      "text/plain": "              Name Abbr Letter  Molecular Weight Molecular Formula  \\\n0          Alanine  Ala      A             89.10           C3H7NO2   \n1         Cysteine  Cys      C            121.16          C3H7NO2S   \n2    Aspartic acid  Asp      D            133.11           C4H7NO4   \n3    Glutamic acid  Glu      E            147.13           C5H9NO4   \n4    Phenylalanine  Phe      F            165.19          C9H11NO2   \n5          Glycine  Gly      G             75.07           C2H5NO2   \n6        Histidine  His      H            155.16          C6H9N3O2   \n7       Isoleucine  Ile      I            131.18          C6H13NO2   \n8           Lysine  Lys      K            146.19         C6H14N2O2   \n9          Leucine  Leu      L            131.18          C6H13NO2   \n10      Methionine  Met      M            149.21         C5H11NO2S   \n11      Asparagine  Asn      N            132.12          C4H8N2O3   \n12  Hydroxyproline  Hyp      O            131.13           C5H9NO3   \n13         Proline  Pro      P            115.13           C5H9NO2   \n14       Glutamine  Gln      Q            146.15         C5H10N2O3   \n15        Arginine  Arg      R            174.20         C6H14N4O2   \n16          Serine  Ser      S            105.09           C3H7NO3   \n17       Threonine  Thr      T            119.12           C4H9NO3   \n18  Pyroglutamatic  Glp      U            139.11           C5H7NO3   \n19          Valine  Val      V            117.15          C5H11NO2   \n\n   Residue Formula  Residue Weight  pKa1   pKb2   pKx3  ...    VSC    P1  \\\n0           C3H5NO           71.08  2.34   9.69    NaN  ...   27.5   8.1   \n1          C3H5NOS          103.15  1.96  10.28   8.18  ...   44.6   5.5   \n2          C4H5NO3          115.09  1.88   9.60   3.65  ...   40.0  13.0   \n3          C5H7NO3          129.12  2.19   9.67   4.25  ...   62.0  12.3   \n4           C9H9NO          147.18  1.83   9.13    NaN  ...  115.5   5.2   \n5           C2H3NO           57.05  2.34   9.60    NaN  ...    0.0   9.0   \n6          C6H7N3O          137.14  1.82   9.17   6.00  ...   79.0  10.4   \n7          C6H11NO          113.16  2.36   9.60    NaN  ...   93.5   5.2   \n8         C6H12N2O          128.18  2.18   8.95  10.53  ...  100.0  11.3   \n9          C6H11NO          113.16  2.36   9.60    NaN  ...   93.5   4.9   \n10         C5H9NOS          131.20  2.28   9.21    NaN  ...   94.1   5.7   \n11        C4H6N2O2          114.11  2.02   8.80    NaN  ...   58.7  11.6   \n12         C5H7NO2          113.11  1.82   9.65    NaN  ...    NaN   NaN   \n13          C5H7NO           97.12  1.99  10.60    NaN  ...   41.9   8.0   \n14        C5H8N2O2          128.13  2.17   9.13    NaN  ...   80.7  10.5   \n15        C6H12N4O          156.19  2.17   9.04  12.48  ...  105.0  10.5   \n16         C3H5NO2           87.08  2.21   9.15    NaN  ...   29.3   9.2   \n17         C4H7NO2          101.11  2.09   9.10    NaN  ...   51.3   8.6   \n18         C5H5NO2          121.09   NaN    NaN    NaN  ...    NaN   NaN   \n19          C5H9NO           99.13  2.32   9.62    NaN  ...   71.5   5.9   \n\n       P2   SASA     NCISC  carbon  hydrogen  nitrogen  oxygen  sulfur  \n0   0.046  1.181  0.007187       3         7         1       2       0  \n1   0.128  1.461 -0.036610       3         7         1       2       1  \n2   0.105  1.587 -0.023820       4         7         1       4       0  \n3   0.151  1.862  0.006802       5         9         1       4       0  \n4   0.290  2.228  0.037552       9        11         1       2       0  \n5   0.000  0.881  0.179052       2         5         1       2       0  \n6   0.230  2.025 -0.010690       6         9         3       2       0  \n7   0.186  1.810  0.021631       6        13         1       2       0  \n8   0.219  2.258  0.017708       6        14         2       2       0  \n9   0.186  1.931  0.051672       6        13         1       2       0  \n10  0.221  2.034  0.002683       5        11         1       2       1  \n11  0.134  1.655  0.005392       4         8         2       3       0  \n12    NaN    NaN       NaN       5         9         1       3       0  \n13  0.131  1.468  0.239531       5         9         1       2       0  \n14  0.180  1.932  0.049211       5        10         2       3       0  \n15  0.291  2.560  0.043587       6        14         4       2       0  \n16  0.062  1.298  0.004627       3         7         1       3       0  \n17  0.108  1.525  0.003352       4         9         1       3       0  \n18    NaN    NaN       NaN       5         7         1       3       0  \n19  0.140  1.645  0.057004       5        11         1       2       0  \n\n[20 rows x 22 columns]",
      "text/html": "<div>\n<style scoped>\n    .dataframe tbody tr th:only-of-type {\n        vertical-align: middle;\n    }\n\n    .dataframe tbody tr th {\n        vertical-align: top;\n    }\n\n    .dataframe thead th {\n        text-align: right;\n    }\n</style>\n<table border=\"1\" class=\"dataframe\">\n  <thead>\n    <tr style=\"text-align: right;\">\n      <th></th>\n      <th>Name</th>\n      <th>Abbr</th>\n      <th>Letter</th>\n      <th>Molecular Weight</th>\n      <th>Molecular Formula</th>\n      <th>Residue Formula</th>\n      <th>Residue Weight</th>\n      <th>pKa1</th>\n      <th>pKb2</th>\n      <th>pKx3</th>\n      <th>...</th>\n      <th>VSC</th>\n      <th>P1</th>\n      <th>P2</th>\n      <th>SASA</th>\n      <th>NCISC</th>\n      <th>carbon</th>\n      <th>hydrogen</th>\n      <th>nitrogen</th>\n      <th>oxygen</th>\n      <th>sulfur</th>\n    </tr>\n  </thead>\n  <tbody>\n    <tr>\n      <th>0</th>\n      <td>Alanine</td>\n      <td>Ala</td>\n      <td>A</td>\n      <td>89.10</td>\n      <td>C3H7NO2</td>\n      <td>C3H5NO</td>\n      <td>71.08</td>\n      <td>2.34</td>\n      <td>9.69</td>\n      <td>NaN</td>\n      <td>...</td>\n      <td>27.5</td>\n      <td>8.1</td>\n      <td>0.046</td>\n      <td>1.181</td>\n      <td>0.007187</td>\n      <td>3</td>\n      <td>7</td>\n      <td>1</td>\n      <td>2</td>\n      <td>0</td>\n    </tr>\n    <tr>\n      <th>1</th>\n      <td>Cysteine</td>\n      <td>Cys</td>\n      <td>C</td>\n      <td>121.16</td>\n      <td>C3H7NO2S</td>\n      <td>C3H5NOS</td>\n      <td>103.15</td>\n      <td>1.96</td>\n      <td>10.28</td>\n      <td>8.18</td>\n      <td>...</td>\n      <td>44.6</td>\n      <td>5.5</td>\n      <td>0.128</td>\n      <td>1.461</td>\n      <td>-0.036610</td>\n      <td>3</td>\n      <td>7</td>\n      <td>1</td>\n      <td>2</td>\n      <td>1</td>\n    </tr>\n    <tr>\n      <th>2</th>\n      <td>Aspartic acid</td>\n      <td>Asp</td>\n      <td>D</td>\n      <td>133.11</td>\n      <td>C4H7NO4</td>\n      <td>C4H5NO3</td>\n      <td>115.09</td>\n      <td>1.88</td>\n      <td>9.60</td>\n      <td>3.65</td>\n      <td>...</td>\n      <td>40.0</td>\n      <td>13.0</td>\n      <td>0.105</td>\n      <td>1.587</td>\n      <td>-0.023820</td>\n      <td>4</td>\n      <td>7</td>\n      <td>1</td>\n      <td>4</td>\n      <td>0</td>\n    </tr>\n    <tr>\n      <th>3</th>\n      <td>Glutamic acid</td>\n      <td>Glu</td>\n      <td>E</td>\n      <td>147.13</td>\n      <td>C5H9NO4</td>\n      <td>C5H7NO3</td>\n      <td>129.12</td>\n      <td>2.19</td>\n      <td>9.67</td>\n      <td>4.25</td>\n      <td>...</td>\n      <td>62.0</td>\n      <td>12.3</td>\n      <td>0.151</td>\n      <td>1.862</td>\n      <td>0.006802</td>\n      <td>5</td>\n      <td>9</td>\n      <td>1</td>\n      <td>4</td>\n      <td>0</td>\n    </tr>\n    <tr>\n      <th>4</th>\n      <td>Phenylalanine</td>\n      <td>Phe</td>\n      <td>F</td>\n      <td>165.19</td>\n      <td>C9H11NO2</td>\n      <td>C9H9NO</td>\n      <td>147.18</td>\n      <td>1.83</td>\n      <td>9.13</td>\n      <td>NaN</td>\n      <td>...</td>\n      <td>115.5</td>\n      <td>5.2</td>\n      <td>0.290</td>\n      <td>2.228</td>\n      <td>0.037552</td>\n      <td>9</td>\n      <td>11</td>\n      <td>1</td>\n      <td>2</td>\n      <td>0</td>\n    </tr>\n    <tr>\n      <th>5</th>\n      <td>Glycine</td>\n      <td>Gly</td>\n      <td>G</td>\n      <td>75.07</td>\n      <td>C2H5NO2</td>\n      <td>C2H3NO</td>\n      <td>57.05</td>\n      <td>2.34</td>\n      <td>9.60</td>\n      <td>NaN</td>\n      <td>...</td>\n      <td>0.0</td>\n      <td>9.0</td>\n      <td>0.000</td>\n      <td>0.881</td>\n      <td>0.179052</td>\n      <td>2</td>\n      <td>5</td>\n      <td>1</td>\n      <td>2</td>\n      <td>0</td>\n    </tr>\n    <tr>\n      <th>6</th>\n      <td>Histidine</td>\n      <td>His</td>\n      <td>H</td>\n      <td>155.16</td>\n      <td>C6H9N3O2</td>\n      <td>C6H7N3O</td>\n      <td>137.14</td>\n      <td>1.82</td>\n      <td>9.17</td>\n      <td>6.00</td>\n      <td>...</td>\n      <td>79.0</td>\n      <td>10.4</td>\n      <td>0.230</td>\n      <td>2.025</td>\n      <td>-0.010690</td>\n      <td>6</td>\n      <td>9</td>\n      <td>3</td>\n      <td>2</td>\n      <td>0</td>\n    </tr>\n    <tr>\n      <th>7</th>\n      <td>Isoleucine</td>\n      <td>Ile</td>\n      <td>I</td>\n      <td>131.18</td>\n      <td>C6H13NO2</td>\n      <td>C6H11NO</td>\n      <td>113.16</td>\n      <td>2.36</td>\n      <td>9.60</td>\n      <td>NaN</td>\n      <td>...</td>\n      <td>93.5</td>\n      <td>5.2</td>\n      <td>0.186</td>\n      <td>1.810</td>\n      <td>0.021631</td>\n      <td>6</td>\n      <td>13</td>\n      <td>1</td>\n      <td>2</td>\n      <td>0</td>\n    </tr>\n    <tr>\n      <th>8</th>\n      <td>Lysine</td>\n      <td>Lys</td>\n      <td>K</td>\n      <td>146.19</td>\n      <td>C6H14N2O2</td>\n      <td>C6H12N2O</td>\n      <td>128.18</td>\n      <td>2.18</td>\n      <td>8.95</td>\n      <td>10.53</td>\n      <td>...</td>\n      <td>100.0</td>\n      <td>11.3</td>\n      <td>0.219</td>\n      <td>2.258</td>\n      <td>0.017708</td>\n      <td>6</td>\n      <td>14</td>\n      <td>2</td>\n      <td>2</td>\n      <td>0</td>\n    </tr>\n    <tr>\n      <th>9</th>\n      <td>Leucine</td>\n      <td>Leu</td>\n      <td>L</td>\n      <td>131.18</td>\n      <td>C6H13NO2</td>\n      <td>C6H11NO</td>\n      <td>113.16</td>\n      <td>2.36</td>\n      <td>9.60</td>\n      <td>NaN</td>\n      <td>...</td>\n      <td>93.5</td>\n      <td>4.9</td>\n      <td>0.186</td>\n      <td>1.931</td>\n      <td>0.051672</td>\n      <td>6</td>\n      <td>13</td>\n      <td>1</td>\n      <td>2</td>\n      <td>0</td>\n    </tr>\n    <tr>\n      <th>10</th>\n      <td>Methionine</td>\n      <td>Met</td>\n      <td>M</td>\n      <td>149.21</td>\n      <td>C5H11NO2S</td>\n      <td>C5H9NOS</td>\n      <td>131.20</td>\n      <td>2.28</td>\n      <td>9.21</td>\n      <td>NaN</td>\n      <td>...</td>\n      <td>94.1</td>\n      <td>5.7</td>\n      <td>0.221</td>\n      <td>2.034</td>\n      <td>0.002683</td>\n      <td>5</td>\n      <td>11</td>\n      <td>1</td>\n      <td>2</td>\n      <td>1</td>\n    </tr>\n    <tr>\n      <th>11</th>\n      <td>Asparagine</td>\n      <td>Asn</td>\n      <td>N</td>\n      <td>132.12</td>\n      <td>C4H8N2O3</td>\n      <td>C4H6N2O2</td>\n      <td>114.11</td>\n      <td>2.02</td>\n      <td>8.80</td>\n      <td>NaN</td>\n      <td>...</td>\n      <td>58.7</td>\n      <td>11.6</td>\n      <td>0.134</td>\n      <td>1.655</td>\n      <td>0.005392</td>\n      <td>4</td>\n      <td>8</td>\n      <td>2</td>\n      <td>3</td>\n      <td>0</td>\n    </tr>\n    <tr>\n      <th>12</th>\n      <td>Hydroxyproline</td>\n      <td>Hyp</td>\n      <td>O</td>\n      <td>131.13</td>\n      <td>C5H9NO3</td>\n      <td>C5H7NO2</td>\n      <td>113.11</td>\n      <td>1.82</td>\n      <td>9.65</td>\n      <td>NaN</td>\n      <td>...</td>\n      <td>NaN</td>\n      <td>NaN</td>\n      <td>NaN</td>\n      <td>NaN</td>\n      <td>NaN</td>\n      <td>5</td>\n      <td>9</td>\n      <td>1</td>\n      <td>3</td>\n      <td>0</td>\n    </tr>\n    <tr>\n      <th>13</th>\n      <td>Proline</td>\n      <td>Pro</td>\n      <td>P</td>\n      <td>115.13</td>\n      <td>C5H9NO2</td>\n      <td>C5H7NO</td>\n      <td>97.12</td>\n      <td>1.99</td>\n      <td>10.60</td>\n      <td>NaN</td>\n      <td>...</td>\n      <td>41.9</td>\n      <td>8.0</td>\n      <td>0.131</td>\n      <td>1.468</td>\n      <td>0.239531</td>\n      <td>5</td>\n      <td>9</td>\n      <td>1</td>\n      <td>2</td>\n      <td>0</td>\n    </tr>\n    <tr>\n      <th>14</th>\n      <td>Glutamine</td>\n      <td>Gln</td>\n      <td>Q</td>\n      <td>146.15</td>\n      <td>C5H10N2O3</td>\n      <td>C5H8N2O2</td>\n      <td>128.13</td>\n      <td>2.17</td>\n      <td>9.13</td>\n      <td>NaN</td>\n      <td>...</td>\n      <td>80.7</td>\n      <td>10.5</td>\n      <td>0.180</td>\n      <td>1.932</td>\n      <td>0.049211</td>\n      <td>5</td>\n      <td>10</td>\n      <td>2</td>\n      <td>3</td>\n      <td>0</td>\n    </tr>\n    <tr>\n      <th>15</th>\n      <td>Arginine</td>\n      <td>Arg</td>\n      <td>R</td>\n      <td>174.20</td>\n      <td>C6H14N4O2</td>\n      <td>C6H12N4O</td>\n      <td>156.19</td>\n      <td>2.17</td>\n      <td>9.04</td>\n      <td>12.48</td>\n      <td>...</td>\n      <td>105.0</td>\n      <td>10.5</td>\n      <td>0.291</td>\n      <td>2.560</td>\n      <td>0.043587</td>\n      <td>6</td>\n      <td>14</td>\n      <td>4</td>\n      <td>2</td>\n      <td>0</td>\n    </tr>\n    <tr>\n      <th>16</th>\n      <td>Serine</td>\n      <td>Ser</td>\n      <td>S</td>\n      <td>105.09</td>\n      <td>C3H7NO3</td>\n      <td>C3H5NO2</td>\n      <td>87.08</td>\n      <td>2.21</td>\n      <td>9.15</td>\n      <td>NaN</td>\n      <td>...</td>\n      <td>29.3</td>\n      <td>9.2</td>\n      <td>0.062</td>\n      <td>1.298</td>\n      <td>0.004627</td>\n      <td>3</td>\n      <td>7</td>\n      <td>1</td>\n      <td>3</td>\n      <td>0</td>\n    </tr>\n    <tr>\n      <th>17</th>\n      <td>Threonine</td>\n      <td>Thr</td>\n      <td>T</td>\n      <td>119.12</td>\n      <td>C4H9NO3</td>\n      <td>C4H7NO2</td>\n      <td>101.11</td>\n      <td>2.09</td>\n      <td>9.10</td>\n      <td>NaN</td>\n      <td>...</td>\n      <td>51.3</td>\n      <td>8.6</td>\n      <td>0.108</td>\n      <td>1.525</td>\n      <td>0.003352</td>\n      <td>4</td>\n      <td>9</td>\n      <td>1</td>\n      <td>3</td>\n      <td>0</td>\n    </tr>\n    <tr>\n      <th>18</th>\n      <td>Pyroglutamatic</td>\n      <td>Glp</td>\n      <td>U</td>\n      <td>139.11</td>\n      <td>C5H7NO3</td>\n      <td>C5H5NO2</td>\n      <td>121.09</td>\n      <td>NaN</td>\n      <td>NaN</td>\n      <td>NaN</td>\n      <td>...</td>\n      <td>NaN</td>\n      <td>NaN</td>\n      <td>NaN</td>\n      <td>NaN</td>\n      <td>NaN</td>\n      <td>5</td>\n      <td>7</td>\n      <td>1</td>\n      <td>3</td>\n      <td>0</td>\n    </tr>\n    <tr>\n      <th>19</th>\n      <td>Valine</td>\n      <td>Val</td>\n      <td>V</td>\n      <td>117.15</td>\n      <td>C5H11NO2</td>\n      <td>C5H9NO</td>\n      <td>99.13</td>\n      <td>2.32</td>\n      <td>9.62</td>\n      <td>NaN</td>\n      <td>...</td>\n      <td>71.5</td>\n      <td>5.9</td>\n      <td>0.140</td>\n      <td>1.645</td>\n      <td>0.057004</td>\n      <td>5</td>\n      <td>11</td>\n      <td>1</td>\n      <td>2</td>\n      <td>0</td>\n    </tr>\n  </tbody>\n</table>\n<p>20 rows × 22 columns</p>\n</div>"
     },
     "execution_count": 3,
     "metadata": {},
     "output_type": "execute_result"
    }
   ],
   "source": [
    "aa = pd.read_csv('../DMS_data/aminoacids.csv')\n",
    "aa.head(20)"
   ],
   "metadata": {
    "collapsed": false,
    "ExecuteTime": {
     "start_time": "2023-06-05T20:15:53.505962Z",
     "end_time": "2023-06-05T20:15:53.535235Z"
    }
   }
  },
  {
   "cell_type": "code",
   "execution_count": 4,
   "outputs": [],
   "source": [
    "#Entfernen von Hydroxyproline und Pyroglutamat\n",
    "aa_nat = aa.drop(index=[12, 18])\n",
    "#Speichern der \"Letter\"-Spalte für Benennung der neuen Spalten\n",
    "labels_column = 'Letter'\n",
    "#Entfernen aller nicht-numerischen Spalten und pKx3, da unvollständig und Molecular Weight, da im Protein nicht relevant\n",
    "aa_rmv = aa_nat.drop(['Name', 'Abbr','Letter', 'Molecular Formula','Molecular Weight', 'Residue Formula', 'pKx3'], axis=1)\n",
    "#z-transformationen, damit unterschiedliche Messwerte nicht unterschiedlich stark ins Gewicht fallen\n",
    "aa_zscore = aa_rmv.apply(stats.zscore)\n",
    "#Berechnen der Distanzen der AA zueinander\n",
    "aa_distances = euclidean_distances(aa_zscore.values)\n",
    "#Umwandeln zurück in einen DF zur besseren Übersicht\n",
    "aa_df = pd.DataFrame(aa_distances, index=aa_nat[labels_column], columns=aa_nat[labels_column])"
   ],
   "metadata": {
    "collapsed": false,
    "ExecuteTime": {
     "start_time": "2023-06-05T20:15:56.823477Z",
     "end_time": "2023-06-05T20:15:56.825477Z"
    }
   }
  },
  {
   "cell_type": "code",
   "execution_count": 5,
   "outputs": [
    {
     "name": "stdout",
     "output_type": "stream",
     "text": [
      "[[ 0.          4.48845044  5.14188699  5.11353999  6.58202502  3.1431119\n",
      "   5.69248156  4.36735354  6.51184487  4.49456877  5.58228843  4.37388451\n",
      "   4.91431818  4.74390572  8.62711907  2.32212052  3.02993206  3.06680379\n",
      "   8.75613659  6.71594255]\n",
      " [ 4.48845044  0.          5.88762058  5.98743581  6.55069031  6.18987884\n",
      "   6.16777654  5.44876151  7.49954067  5.53736161  4.19108938  5.8854453\n",
      "   5.79986062  5.93065263  9.11970009  5.02551269  4.90838453  4.82103055\n",
      "   9.08751448  6.96293276]\n",
      " [ 5.14188699  5.88762058  0.          2.08484224  6.80668396  6.42093091\n",
      "   5.58383366  6.44901153  6.88224619  6.48162704  6.7224319   3.3162286\n",
      "   6.48604997  3.99682749  8.64750534  3.59384205  3.44280989  5.75946184\n",
      "   9.41558056  6.26735209]\n",
      " [ 5.11353999  5.98743581  2.08484224  0.          5.97298423  6.55687363\n",
      "   5.252811    5.31419837  5.91087322  5.28528157  5.82793061  3.30934529\n",
      "   6.06278006  2.96996686  7.69996682  3.766267    3.24102865  4.88063392\n",
      "   7.72456237  4.88255506]\n",
      " [ 6.58202502  6.55069031  6.80668396  5.97298423  0.          8.23684441\n",
      "   4.37817648  3.61897321  5.27317273  3.5545325   4.52790767  5.4923395\n",
      "   6.44589584  4.60575318  6.94822602  6.30066523  4.97988429  4.22474147\n",
      "   5.23899289  2.52992573]\n",
      " [ 3.1431119   6.18987884  6.42093091  6.55687363  8.23684441  0.\n",
      "   7.32476762  6.4155278   8.05445992  6.32908854  7.35232536  5.74636565\n",
      "   4.49099468  6.13260506  9.86968148  3.94007286  4.8778779   4.91595105\n",
      "  10.38041672  8.44633252]\n",
      " [ 5.69248156  6.16777654  5.58383366  5.252811    4.37817648  7.32476762\n",
      "   0.          4.99626652  3.48429038  4.99037206  5.29404167  3.30554734\n",
      "   6.37642219  3.05303138  4.4296824   5.09088624  4.19610684  4.84740124\n",
      "   6.84102342  4.62065993]\n",
      " [ 4.36735354  5.44876151  6.44901153  5.31419837  3.61897321  6.4155278\n",
      "   4.99626652  0.          4.97926135  0.64696135  3.79024309  5.16647076\n",
      "   5.36032188  4.16053284  7.10270604  4.83504293  3.8721211   1.5254334\n",
      "   5.39265379  3.76907294]\n",
      " [ 6.51184487  7.49954067  6.88224619  5.91087322  5.27317273  8.05445992\n",
      "   3.48429038  4.97926135  0.          4.83999528  5.47277151  4.52344014\n",
      "   7.01885557  3.54263248  3.14013784  5.90300567  4.96569621  5.15064017\n",
      "   6.41104155  4.71612221]\n",
      " [ 4.49456877  5.53736161  6.48162704  5.28528157  3.5545325   6.32908854\n",
      "   4.99037206  0.64696135  4.83999528  0.          3.78646962  5.15999233\n",
      "   5.0698488   4.01490902  6.89897978  4.89402902  3.91763151  1.50696578\n",
      "   5.27864264  3.6400817 ]\n",
      " [ 5.58228843  4.19108938  6.7224319   5.82793061  4.52790767  7.35232536\n",
      "   5.29404167  3.79024309  5.47277151  3.78646962  0.          5.36917692\n",
      "   6.69218245  4.68382242  7.24924261  5.5038104   4.67300957  4.00244349\n",
      "   6.1764391   4.46909825]\n",
      " [ 4.37388451  5.8854453   3.3162286   3.30934529  5.4923395   5.74636565\n",
      "   3.30554734  5.16647076  4.52344014  5.15999233  5.36917692  0.\n",
      "   6.23648266  1.93861424  6.28634052  2.68532062  2.13339892  4.50314373\n",
      "   7.96574569  5.07559834]\n",
      " [ 4.91431818  5.79986062  6.48604997  6.06278006  6.44589584  4.49099468\n",
      "   6.37642219  5.36032188  7.01885557  5.0698488   6.69218245  6.23648266\n",
      "   0.          5.54915927  8.48702281  5.56736904  5.38446655  4.3248058\n",
      "   8.75791468  6.90461638]\n",
      " [ 4.74390572  5.93065263  3.99682749  2.96996686  4.60575318  6.13260506\n",
      "   3.05303138  4.16053284  3.54263248  4.01490902  4.68382242  1.93861424\n",
      "   5.54915927  0.          5.25429263  3.54271306  2.57936232  3.77994094\n",
      "   6.44572781  3.76278835]\n",
      " [ 8.62711907  9.11970009  8.64750534  7.69996682  6.94822602  9.86968148\n",
      "   4.4296824   7.10270604  3.14013784  6.89897978  7.24924261  6.28634052\n",
      "   8.48702281  5.25429263  0.          8.03137028  7.21646962  7.31541682\n",
      "   6.97283058  6.29267301]\n",
      " [ 2.32212052  5.02551269  3.59384205  3.766267    6.30066523  3.94007286\n",
      "   5.09088624  4.83504293  5.90300567  4.89402902  5.5038104   2.68532062\n",
      "   5.56736904  3.54271306  8.03137028  0.          1.51684391  3.71998731\n",
      "   8.75173667  6.01127345]\n",
      " [ 3.02993206  4.90838453  3.44280989  3.24102865  4.97988429  4.8778779\n",
      "   4.19610684  3.8721211   4.96569621  3.91763151  4.67300957  2.13339892\n",
      "   5.38446655  2.57936232  7.21646962  1.51684391  0.          3.03854541\n",
      "   7.79291752  4.7355499 ]\n",
      " [ 3.06680379  4.82103055  5.75946184  4.88063392  4.22474147  4.91595105\n",
      "   4.84740124  1.5254334   5.15064017  1.50696578  4.00244349  4.50314373\n",
      "   4.3248058   3.77994094  7.31541682  3.71998731  3.03854541  0.\n",
      "   6.38102565  4.45726637]\n",
      " [ 8.75613659  9.08751448  9.41558056  7.72456237  5.23899289 10.38041672\n",
      "   6.84102342  5.39265379  6.41104155  5.27864264  6.1764391   7.96574569\n",
      "   8.75791468  6.44572781  6.97283058  8.75173667  7.79291752  6.38102565\n",
      "   0.          4.05015612]\n",
      " [ 6.71594255  6.96293276  6.26735209  4.88255506  2.52992573  8.44633252\n",
      "   4.62065993  3.76907294  4.71612221  3.6400817   4.46909825  5.07559834\n",
      "   6.90461638  3.76278835  6.29267301  6.01127345  4.7355499   4.45726637\n",
      "   4.05015612  0.        ]]\n"
     ]
    }
   ],
   "source": [
    "print(aa_distances)"
   ],
   "metadata": {
    "collapsed": false,
    "ExecuteTime": {
     "start_time": "2023-06-05T20:15:58.057370Z",
     "end_time": "2023-06-05T20:15:58.060641Z"
    }
   }
  },
  {
   "cell_type": "code",
   "execution_count": 6,
   "outputs": [
    {
     "data": {
      "text/plain": "Letter         A         C         D         E         F          G         H  \\\nLetter                                                                          \nA       0.000000  4.488450  5.141887  5.113540  6.582025   3.143112  5.692482   \nC       4.488450  0.000000  5.887621  5.987436  6.550690   6.189879  6.167777   \nD       5.141887  5.887621  0.000000  2.084842  6.806684   6.420931  5.583834   \nE       5.113540  5.987436  2.084842  0.000000  5.972984   6.556874  5.252811   \nF       6.582025  6.550690  6.806684  5.972984  0.000000   8.236844  4.378176   \nG       3.143112  6.189879  6.420931  6.556874  8.236844   0.000000  7.324768   \nH       5.692482  6.167777  5.583834  5.252811  4.378176   7.324768  0.000000   \nI       4.367354  5.448762  6.449012  5.314198  3.618973   6.415528  4.996267   \nK       6.511845  7.499541  6.882246  5.910873  5.273173   8.054460  3.484290   \nL       4.494569  5.537362  6.481627  5.285282  3.554533   6.329089  4.990372   \nM       5.582288  4.191089  6.722432  5.827931  4.527908   7.352325  5.294042   \nN       4.373885  5.885445  3.316229  3.309345  5.492339   5.746366  3.305547   \nP       4.914318  5.799861  6.486050  6.062780  6.445896   4.490995  6.376422   \nQ       4.743906  5.930653  3.996827  2.969967  4.605753   6.132605  3.053031   \nR       8.627119  9.119700  8.647505  7.699967  6.948226   9.869681  4.429682   \nS       2.322121  5.025513  3.593842  3.766267  6.300665   3.940073  5.090886   \nT       3.029932  4.908385  3.442810  3.241029  4.979884   4.877878  4.196107   \nV       3.066804  4.821031  5.759462  4.880634  4.224741   4.915951  4.847401   \nW       8.756137  9.087514  9.415581  7.724562  5.238993  10.380417  6.841023   \nY       6.715943  6.962933  6.267352  4.882555  2.529926   8.446333  4.620660   \n\nLetter         I         K         L         M         N         P         Q  \\\nLetter                                                                         \nA       4.367354  6.511845  4.494569  5.582288  4.373885  4.914318  4.743906   \nC       5.448762  7.499541  5.537362  4.191089  5.885445  5.799861  5.930653   \nD       6.449012  6.882246  6.481627  6.722432  3.316229  6.486050  3.996827   \nE       5.314198  5.910873  5.285282  5.827931  3.309345  6.062780  2.969967   \nF       3.618973  5.273173  3.554533  4.527908  5.492339  6.445896  4.605753   \nG       6.415528  8.054460  6.329089  7.352325  5.746366  4.490995  6.132605   \nH       4.996267  3.484290  4.990372  5.294042  3.305547  6.376422  3.053031   \nI       0.000000  4.979261  0.646961  3.790243  5.166471  5.360322  4.160533   \nK       4.979261  0.000000  4.839995  5.472772  4.523440  7.018856  3.542632   \nL       0.646961  4.839995  0.000000  3.786470  5.159992  5.069849  4.014909   \nM       3.790243  5.472772  3.786470  0.000000  5.369177  6.692182  4.683822   \nN       5.166471  4.523440  5.159992  5.369177  0.000000  6.236483  1.938614   \nP       5.360322  7.018856  5.069849  6.692182  6.236483  0.000000  5.549159   \nQ       4.160533  3.542632  4.014909  4.683822  1.938614  5.549159  0.000000   \nR       7.102706  3.140138  6.898980  7.249243  6.286341  8.487023  5.254293   \nS       4.835043  5.903006  4.894029  5.503810  2.685321  5.567369  3.542713   \nT       3.872121  4.965696  3.917632  4.673010  2.133399  5.384467  2.579362   \nV       1.525433  5.150640  1.506966  4.002443  4.503144  4.324806  3.779941   \nW       5.392654  6.411042  5.278643  6.176439  7.965746  8.757915  6.445728   \nY       3.769073  4.716122  3.640082  4.469098  5.075598  6.904616  3.762788   \n\nLetter         R         S         T         V          W         Y  \nLetter                                                               \nA       8.627119  2.322121  3.029932  3.066804   8.756137  6.715943  \nC       9.119700  5.025513  4.908385  4.821031   9.087514  6.962933  \nD       8.647505  3.593842  3.442810  5.759462   9.415581  6.267352  \nE       7.699967  3.766267  3.241029  4.880634   7.724562  4.882555  \nF       6.948226  6.300665  4.979884  4.224741   5.238993  2.529926  \nG       9.869681  3.940073  4.877878  4.915951  10.380417  8.446333  \nH       4.429682  5.090886  4.196107  4.847401   6.841023  4.620660  \nI       7.102706  4.835043  3.872121  1.525433   5.392654  3.769073  \nK       3.140138  5.903006  4.965696  5.150640   6.411042  4.716122  \nL       6.898980  4.894029  3.917632  1.506966   5.278643  3.640082  \nM       7.249243  5.503810  4.673010  4.002443   6.176439  4.469098  \nN       6.286341  2.685321  2.133399  4.503144   7.965746  5.075598  \nP       8.487023  5.567369  5.384467  4.324806   8.757915  6.904616  \nQ       5.254293  3.542713  2.579362  3.779941   6.445728  3.762788  \nR       0.000000  8.031370  7.216470  7.315417   6.972831  6.292673  \nS       8.031370  0.000000  1.516844  3.719987   8.751737  6.011273  \nT       7.216470  1.516844  0.000000  3.038545   7.792918  4.735550  \nV       7.315417  3.719987  3.038545  0.000000   6.381026  4.457266  \nW       6.972831  8.751737  7.792918  6.381026   0.000000  4.050156  \nY       6.292673  6.011273  4.735550  4.457266   4.050156  0.000000  ",
