{
 "cells": [
  {
   "cell_type": "code",
   "execution_count": 11,
   "outputs": [],
   "source": [
    "# Hier berechne ich einen Distanzmatrix aus den Datensätzen"
   ],
   "metadata": {
    "collapsed": false,
    "ExecuteTime": {
     "end_time": "2023-06-21T12:51:12.512049800Z",
     "start_time": "2023-06-21T12:51:12.415303600Z"
    }
   }
  },
  {
   "cell_type": "code",
   "execution_count": 12,
   "outputs": [],
   "source": [
    "import pandas as pd\n",
    "import data_cleanup as dc\n",
    "import data_exploration as de"
   ],
   "metadata": {
    "collapsed": false,
    "ExecuteTime": {
     "end_time": "2023-06-21T12:51:14.707570800Z",
     "start_time": "2023-06-21T12:51:14.661119Z"
    }
   }
  },
  {
   "cell_type": "code",
   "execution_count": 5,
   "outputs": [],
   "source": [
    "fpath = '../DMS_data/P53_HUMAN_Giacomelli_NULL_Etoposide_2018.csv'\n",
    "df = pd.read_csv(fpath)\n"
   ],
   "metadata": {
    "collapsed": false,
    "ExecuteTime": {
     "end_time": "2023-06-21T08:01:06.325614500Z",
     "start_time": "2023-06-21T08:01:06.130665800Z"
    }
   }
  },
  {
   "cell_type": "code",
   "execution_count": 6,
   "outputs": [],
   "source": [
    "# Auftrennen der Mutante in alte und neue AS\n",
    "mutations_df = dc.aufteilung_mut_pos(df)"
   ],
   "metadata": {
    "collapsed": false,
    "ExecuteTime": {
     "end_time": "2023-06-21T08:01:08.475666900Z",
     "start_time": "2023-06-21T08:01:08.359992300Z"
    }
   }
  },
  {
   "cell_type": "code",
   "execution_count": 7,
   "outputs": [],
   "source": [
    "# Gruppieren der Substitutionen, geordnet erst nach alter und dann nach neuer AS mit Inspiration von ChatGPT (.groupby in der Pandas Dokumentation beschreibt nur das groupen nach einem Parameter)\n",
    "subs_df = mutations_df.groupby([\"AS_old\", \"AS_new\"])\n",
    "\n",
    "# Berechnen des means für jede Kombination\n",
    "mean_scores = subs_df.DMS_score.mean()\n",
    "# Es gibt 380 Möglichkeiten, 20 AS mit Reihenfolge und ohne zurücklegen zu kombinieren. Aus den Mittelwerten dieser 380 möglichen Substitutionen soll nun eine Distanzmatrix erstellt werden."
   ],
   "metadata": {
    "collapsed": false,
    "ExecuteTime": {
     "end_time": "2023-06-21T08:01:09.905177700Z",
     "start_time": "2023-06-21T08:01:09.782416100Z"
    }
   }
  },
  {
   "cell_type": "code",
   "execution_count": 8,
   "outputs": [
    {
     "name": "stdout",
     "output_type": "stream",
     "text": [
      "Index(['A', 'C', 'D', 'E', 'F', 'G', 'H', 'I', 'K', 'L', 'M', 'N', 'P', 'Q',\n",
      "       'R', 'S', 'T', 'V', 'W', 'Y'],\n",
      "      dtype='object', name='AS_new')\n"
     ]
    }
   ],
   "source": [
    "# Da \"mean_scores\" eine Serie ist, muss diese erst wieder in ein Data Frame umgewandelt werden. Dafür müssen den einzelnen Zeilen wieder konkrete Indizes zugewiesen werden, damit wieder ein Data Frame entsteht.\n",
    "mean_scores_df = mean_scores.reset_index()\n",
    "\n",
    "# Pivot erstellt aus unserer in einem Data Frame aufgelisteten Substitutionen ein Data Frame, das in Form einer Tabelle eine Übersicht der Mittelwerte zeigt. Die Reihen sind die alten AS, die Spalten die neuen AS.\n",
    "mean_substitutions = mean_scores_df.pivot(index=\"AS_old\", columns=\"AS_new\", values= \"DMS_score\")\n",
    "dc.rmv_na(mean_substitutions)\n",
    "\n",
    "print(mean_substitutions.columns)"
   ],
   "metadata": {
    "collapsed": false,
    "ExecuteTime": {
     "end_time": "2023-06-21T08:01:12.189832300Z",
     "start_time": "2023-06-21T08:01:11.958761400Z"
    }
   }
  },
  {
   "cell_type": "markdown",
   "source": [
    "b### Ergänzungen von Frido für Distanzmatrix"
   ],
   "metadata": {
    "collapsed": false
   }
  },
  {
   "cell_type": "code",
   "execution_count": 10,
   "outputs": [
    {
     "data": {
      "text/plain": "AS_new         A         C         D         E         F         G         H   \nAS_old                                                                         \nA       0.000000  0.398729  0.515101  0.457134  0.381672  0.012152  0.107080  \\\nC      -0.984361  0.000000 -1.510386 -1.416325 -0.191154 -0.942953 -1.161374   \nD       0.336420  0.364490  0.000000  0.538215  0.343919  0.203707  0.489931   \nE       0.439452  0.382776  0.376245  0.000000  0.349576  0.067008  0.507057   \nF      -0.689239 -0.378202 -1.367940 -0.864939  0.000000 -0.744887 -0.501397   \nG       0.269993  0.523857  0.214476  0.018696  0.199421  0.000000  0.287239   \nH       0.068617  0.244989 -0.059473 -0.118440  0.304758 -0.290995  0.000000   \nI      -1.301357 -0.320707 -1.656635 -1.631776 -0.231583 -1.367628 -1.444026   \nK       0.564866  0.674043  0.163895  0.157561  0.335243  0.352034  0.540112   \nL      -0.054848 -0.049377 -0.272737 -0.207789  0.121967 -0.559960  0.152569   \nM       0.366844 -0.025214 -0.502976 -0.262670  0.099787 -0.232334 -0.372969   \nN       0.525371  0.525193  0.130449  0.017914  0.209884  0.465068  0.158096   \nP      -0.113301  0.373813  0.298610  0.306073  0.178908  0.284230  0.358459   \nQ       0.326615  0.715331  0.428674  0.418482  0.627402  0.661938  0.518740   \nR      -0.269422  0.209994 -0.737071 -0.720329 -0.217364 -0.234577 -0.128117   \nS       0.110171  0.488338  0.253284  0.341156  0.194215  0.374783  0.272749   \nT       0.175812  0.575852 -0.323039 -0.073779  0.039907 -0.166369 -0.323128   \nV       0.122737 -0.188178 -0.925880 -0.521313 -0.406127 -0.761413 -0.809327   \nW      -0.153740 -0.051575 -0.414390 -0.308171 -0.199816 -1.039825 -0.039015   \nY      -0.866431 -0.729975 -0.761619 -1.270060  0.182602 -1.295045 -0.301181   \n\nAS_new         I         K         L         M         N         P         Q   \nAS_old                                                                         \nA       0.322948  0.181169  0.010173  0.290941  0.243262 -0.118068  0.124772  \\\nC      -0.309752 -1.349437 -1.293370 -0.735466 -0.871731 -1.376094 -0.883989   \nD       0.101190  0.321578  0.181842  0.021296  0.259362 -0.054858  0.215632   \nE       0.371153  0.112546  0.306692  0.375952  0.362416 -0.331368  0.437464   \nF      -0.138207 -0.800865  0.000087  0.048709 -0.793803 -0.833767 -0.505582   \nG      -0.068060  0.080282  0.012710  0.233815  0.335321 -0.176705  0.319435   \nH      -0.201286 -0.285608  0.012453  0.339755  0.453583 -0.435685  0.313392   \nI       0.000000 -1.430235  0.064510  0.607118 -0.923276 -1.309344 -1.550460   \nK       0.516667  0.000000  0.582710  0.639539  0.391722  0.327485  0.355389   \nL       0.638786 -0.225543  0.000000  0.499890 -0.210440 -0.272881  0.178392   \nM       0.155454  0.047197  0.415377  0.000000 -0.236621 -0.646064  0.013813   \nN       0.098020  0.208273  0.308124  0.365440  0.000000 -0.482108 -0.030669   \nP       0.318722  0.320253  0.056795  0.312723  0.408656  0.000000  0.202268   \nQ       0.451678  0.596154  0.525280  0.809224  0.710474 -0.044097  0.000000   \nR      -0.049724  0.309015  0.129087  0.251090 -0.114944 -0.772826 -0.160866   \nS       0.387556  0.313318 -0.026329  0.380941  0.544854  0.070606  0.360566   \nT       0.271527  0.154649  0.146178  0.393727  0.361072 -0.496409  0.293699   \nV       0.307803 -0.805664 -0.199019 -0.330462 -0.755143 -0.919205 -0.638702   \nW      -0.121015 -0.314064 -0.252410 -0.429243 -0.326967 -1.085779 -0.026637   \nY      -0.918069 -1.342734 -1.060839 -0.890225 -0.709365 -1.507258 -1.233188   \n\nAS_new         R         S         T         V         W         Y  \nAS_old                                                              \nA       0.116215  0.280331  0.476545  0.486577  0.223571  0.370961  \nC      -0.514196 -0.447143 -0.752822 -0.561304 -0.678823 -0.587628  \nD      -0.151917  0.347274  0.246090  0.173693  0.364983  0.389608  \nE      -0.094437  0.272662  0.433548  0.375813  0.214914  0.379793  \nF      -0.768096 -0.607131 -0.852016 -0.389713 -0.112035  0.159711  \nG      -0.072564  0.217142  0.137428  0.222302 -0.286193  0.127274  \nH       0.042533 -0.135786 -0.556795 -0.016774  0.313742  0.405657  \nI      -1.285973 -0.986439 -0.416796  0.413857 -1.451584 -1.333389  \nK       0.278626  0.494709  0.537629  0.611187  0.388272  0.460607  \nL      -0.015421 -0.435978 -0.231729  0.374415 -0.156716  0.125480  \nM       0.104163 -0.096581  0.214345  0.094048 -0.379727 -0.011574  \nN       0.271186  0.362123 -0.382907  0.171258  0.187186  0.375355  \nP       0.110990  0.194595  0.361697  0.362135  0.092374  0.373687  \nQ       0.139630  0.122414  0.399066  0.540982  0.462125  0.692488  \nR       0.000000  0.047192 -0.057759 -0.040245 -0.293446 -0.285565  \nS       0.271872  0.000000  0.368362  0.113057  0.316506  0.409685  \nT      -0.020020  0.369688  0.000000  0.443313 -0.064157  0.047177  \nV      -1.117753 -0.617303 -0.204123  0.000000 -0.914717 -0.801795  \nW      -0.077310 -0.104928 -0.150815 -0.370212  0.000000 -0.225545  \nY      -1.241636 -0.782613 -1.168391 -0.730769 -0.377988  0.000000  ",
      "text/html": "<div>\n<style scoped>\n    .dataframe tbody tr th:only-of-type {\n        vertical-align: middle;\n    }\n\n    .dataframe tbody tr th {\n        vertical-align: top;\n    }\n\n    .dataframe thead th {\n        text-align: right;\n    }\n</style>\n<table border=\"1\" class=\"dataframe\">\n  <thead>\n    <tr style=\"text-align: right;\">\n      <th>AS_new</th>\n      <th>A</th>\n      <th>C</th>\n      <th>D</th>\n      <th>E</th>\n      <th>F</th>\n      <th>G</th>\n      <th>H</th>\n      <th>I</th>\n      <th>K</th>\n      <th>L</th>\n      <th>M</th>\n      <th>N</th>\n      <th>P</th>\n      <th>Q</th>\n      <th>R</th>\n      <th>S</th>\n      <th>T</th>\n      <th>V</th>\n      <th>W</th>\n      <th>Y</th>\n    </tr>\n    <tr>\n      <th>AS_old</th>\n      <th></th>\n      <th></th>\n      <th></th>\n      <th></th>\n      <th></th>\n      <th></th>\n      <th></th>\n      <th></th>\n      <th></th>\n      <th></th>\n      <th></th>\n      <th></th>\n      <th></th>\n      <th></th>\n      <th></th>\n      <th></th>\n      <th></th>\n      <th></th>\n      <th></th>\n      <th></th>\n    </tr>\n  </thead>\n  <tbody>\n    <tr>\n      <th>A</th>\n      <td>0.000000</td>\n      <td>0.398729</td>\n      <td>0.515101</td>\n      <td>0.457134</td>\n      <td>0.381672</td>\n      <td>0.012152</td>\n      <td>0.107080</td>\n      <td>0.322948</td>\n      <td>0.181169</td>\n      <td>0.010173</td>\n      <td>0.290941</td>\n      <td>0.243262</td>\n      <td>-0.118068</td>\n      <td>0.124772</td>\n      <td>0.116215</td>\n      <td>0.280331</td>\n      <td>0.476545</td>\n      <td>0.486577</td>\n      <td>0.223571</td>\n      <td>0.370961</td>\n    </tr>\n    <tr>\n      <th>C</th>\n      <td>-0.984361</td>\n      <td>0.000000</td>\n      <td>-1.510386</td>\n      <td>-1.416325</td>\n      <td>-0.191154</td>\n      <td>-0.942953</td>\n      <td>-1.161374</td>\n      <td>-0.309752</td>\n      <td>-1.349437</td>\n      <td>-1.293370</td>\n      <td>-0.735466</td>\n      <td>-0.871731</td>\n      <td>-1.376094</td>\n      <td>-0.883989</td>\n      <td>-0.514196</td>\n      <td>-0.447143</td>\n      <td>-0.752822</td>\n      <td>-0.561304</td>\n      <td>-0.678823</td>\n      <td>-0.587628</td>\n    </tr>\n    <tr>\n      <th>D</th>\n      <td>0.336420</td>\n      <td>0.364490</td>\n      <td>0.000000</td>\n      <td>0.538215</td>\n      <td>0.343919</td>\n      <td>0.203707</td>\n      <td>0.489931</td>\n      <td>0.101190</td>\n      <td>0.321578</td>\n      <td>0.181842</td>\n      <td>0.021296</td>\n      <td>0.259362</td>\n      <td>-0.054858</td>\n      <td>0.215632</td>\n      <td>-0.151917</td>\n      <td>0.347274</td>\n      <td>0.246090</td>\n      <td>0.173693</td>\n      <td>0.364983</td>\n      <td>0.389608</td>\n    </tr>\n    <tr>\n      <th>E</th>\n      <td>0.439452</td>\n      <td>0.382776</td>\n      <td>0.376245</td>\n      <td>0.000000</td>\n      <td>0.349576</td>\n      <td>0.067008</td>\n      <td>0.507057</td>\n      <td>0.371153</td>\n      <td>0.112546</td>\n      <td>0.306692</td>\n      <td>0.375952</td>\n      <td>0.362416</td>\n      <td>-0.331368</td>\n      <td>0.437464</td>\n      <td>-0.094437</td>\n      <td>0.272662</td>\n      <td>0.433548</td>\n      <td>0.375813</td>\n      <td>0.214914</td>\n      <td>0.379793</td>\n    </tr>\n    <tr>\n      <th>F</th>\n      <td>-0.689239</td>\n      <td>-0.378202</td>\n      <td>-1.367940</td>\n      <td>-0.864939</td>\n      <td>0.000000</td>\n      <td>-0.744887</td>\n      <td>-0.501397</td>\n      <td>-0.138207</td>\n      <td>-0.800865</td>\n      <td>0.000087</td>\n      <td>0.048709</td>\n      <td>-0.793803</td>\n      <td>-0.833767</td>\n      <td>-0.505582</td>\n      <td>-0.768096</td>\n      <td>-0.607131</td>\n      <td>-0.852016</td>\n      <td>-0.389713</td>\n      <td>-0.112035</td>\n      <td>0.159711</td>\n    </tr>\n    <tr>\n      <th>G</th>\n      <td>0.269993</td>\n      <td>0.523857</td>\n      <td>0.214476</td>\n      <td>0.018696</td>\n      <td>0.199421</td>\n      <td>0.000000</td>\n      <td>0.287239</td>\n      <td>-0.068060</td>\n      <td>0.080282</td>\n      <td>0.012710</td>\n      <td>0.233815</td>\n      <td>0.335321</td>\n      <td>-0.176705</td>\n      <td>0.319435</td>\n      <td>-0.072564</td>\n      <td>0.217142</td>\n      <td>0.137428</td>\n      <td>0.222302</td>\n      <td>-0.286193</td>\n      <td>0.127274</td>\n    </tr>\n    <tr>\n      <th>H</th>\n      <td>0.068617</td>\n      <td>0.244989</td>\n      <td>-0.059473</td>\n      <td>-0.118440</td>\n      <td>0.304758</td>\n      <td>-0.290995</td>\n      <td>0.000000</td>\n      <td>-0.201286</td>\n      <td>-0.285608</td>\n      <td>0.012453</td>\n      <td>0.339755</td>\n      <td>0.453583</td>\n      <td>-0.435685</td>\n      <td>0.313392</td>\n      <td>0.042533</td>\n      <td>-0.135786</td>\n      <td>-0.556795</td>\n      <td>-0.016774</td>\n      <td>0.313742</td>\n      <td>0.405657</td>\n    </tr>\n    <tr>\n      <th>I</th>\n      <td>-1.301357</td>\n      <td>-0.320707</td>\n      <td>-1.656635</td>\n      <td>-1.631776</td>\n      <td>-0.231583</td>\n      <td>-1.367628</td>\n      <td>-1.444026</td>\n      <td>0.000000</td>\n      <td>-1.430235</td>\n      <td>0.064510</td>\n      <td>0.607118</td>\n      <td>-0.923276</td>\n      <td>-1.309344</td>\n      <td>-1.550460</td>\n      <td>-1.285973</td>\n      <td>-0.986439</td>\n      <td>-0.416796</td>\n      <td>0.413857</td>\n      <td>-1.451584</td>\n      <td>-1.333389</td>\n    </tr>\n    <tr>\n      <th>K</th>\n      <td>0.564866</td>\n      <td>0.674043</td>\n      <td>0.163895</td>\n      <td>0.157561</td>\n      <td>0.335243</td>\n      <td>0.352034</td>\n      <td>0.540112</td>\n      <td>0.516667</td>\n      <td>0.000000</td>\n      <td>0.582710</td>\n      <td>0.639539</td>\n      <td>0.391722</td>\n      <td>0.327485</td>\n      <td>0.355389</td>\n      <td>0.278626</td>\n      <td>0.494709</td>\n      <td>0.537629</td>\n      <td>0.611187</td>\n      <td>0.388272</td>\n      <td>0.460607</td>\n    </tr>\n    <tr>\n      <th>L</th>\n      <td>-0.054848</td>\n      <td>-0.049377</td>\n      <td>-0.272737</td>\n      <td>-0.207789</td>\n      <td>0.121967</td>\n      <td>-0.559960</td>\n      <td>0.152569</td>\n      <td>0.638786</td>\n      <td>-0.225543</td>\n      <td>0.000000</td>\n      <td>0.499890</td>\n      <td>-0.210440</td>\n      <td>-0.272881</td>\n      <td>0.178392</td>\n      <td>-0.015421</td>\n      <td>-0.435978</td>\n      <td>-0.231729</td>\n      <td>0.374415</td>\n      <td>-0.156716</td>\n      <td>0.125480</td>\n    </tr>\n    <tr>\n      <th>M</th>\n      <td>0.366844</td>\n      <td>-0.025214</td>\n      <td>-0.502976</td>\n      <td>-0.262670</td>\n      <td>0.099787</td>\n      <td>-0.232334</td>\n      <td>-0.372969</td>\n      <td>0.155454</td>\n      <td>0.047197</td>\n      <td>0.415377</td>\n      <td>0.000000</td>\n      <td>-0.236621</td>\n      <td>-0.646064</td>\n      <td>0.013813</td>\n      <td>0.104163</td>\n      <td>-0.096581</td>\n      <td>0.214345</td>\n      <td>0.094048</td>\n      <td>-0.379727</td>\n      <td>-0.011574</td>\n    </tr>\n    <tr>\n      <th>N</th>\n      <td>0.525371</td>\n      <td>0.525193</td>\n      <td>0.130449</td>\n      <td>0.017914</td>\n      <td>0.209884</td>\n      <td>0.465068</td>\n      <td>0.158096</td>\n      <td>0.098020</td>\n      <td>0.208273</td>\n      <td>0.308124</td>\n      <td>0.365440</td>\n      <td>0.000000</td>\n      <td>-0.482108</td>\n      <td>-0.030669</td>\n      <td>0.271186</td>\n      <td>0.362123</td>\n      <td>-0.382907</td>\n      <td>0.171258</td>\n      <td>0.187186</td>\n      <td>0.375355</td>\n    </tr>\n    <tr>\n      <th>P</th>\n      <td>-0.113301</td>\n      <td>0.373813</td>\n      <td>0.298610</td>\n      <td>0.306073</td>\n      <td>0.178908</td>\n      <td>0.284230</td>\n      <td>0.358459</td>\n      <td>0.318722</td>\n      <td>0.320253</td>\n      <td>0.056795</td>\n      <td>0.312723</td>\n      <td>0.408656</td>\n      <td>0.000000</td>\n      <td>0.202268</td>\n      <td>0.110990</td>\n      <td>0.194595</td>\n      <td>0.361697</td>\n      <td>0.362135</td>\n      <td>0.092374</td>\n      <td>0.373687</td>\n    </tr>\n    <tr>\n      <th>Q</th>\n      <td>0.326615</td>\n      <td>0.715331</td>\n      <td>0.428674</td>\n      <td>0.418482</td>\n      <td>0.627402</td>\n      <td>0.661938</td>\n      <td>0.518740</td>\n      <td>0.451678</td>\n      <td>0.596154</td>\n      <td>0.525280</td>\n      <td>0.809224</td>\n      <td>0.710474</td>\n      <td>-0.044097</td>\n      <td>0.000000</td>\n      <td>0.139630</td>\n      <td>0.122414</td>\n      <td>0.399066</td>\n      <td>0.540982</td>\n      <td>0.462125</td>\n      <td>0.692488</td>\n    </tr>\n    <tr>\n      <th>R</th>\n      <td>-0.269422</td>\n      <td>0.209994</td>\n      <td>-0.737071</td>\n      <td>-0.720329</td>\n      <td>-0.217364</td>\n      <td>-0.234577</td>\n      <td>-0.128117</td>\n      <td>-0.049724</td>\n      <td>0.309015</td>\n      <td>0.129087</td>\n      <td>0.251090</td>\n      <td>-0.114944</td>\n      <td>-0.772826</td>\n      <td>-0.160866</td>\n      <td>0.000000</td>\n      <td>0.047192</td>\n      <td>-0.057759</td>\n      <td>-0.040245</td>\n      <td>-0.293446</td>\n      <td>-0.285565</td>\n    </tr>\n    <tr>\n      <th>S</th>\n      <td>0.110171</td>\n      <td>0.488338</td>\n      <td>0.253284</td>\n      <td>0.341156</td>\n      <td>0.194215</td>\n      <td>0.374783</td>\n      <td>0.272749</td>\n      <td>0.387556</td>\n      <td>0.313318</td>\n      <td>-0.026329</td>\n      <td>0.380941</td>\n      <td>0.544854</td>\n      <td>0.070606</td>\n      <td>0.360566</td>\n      <td>0.271872</td>\n      <td>0.000000</td>\n      <td>0.368362</td>\n      <td>0.113057</td>\n      <td>0.316506</td>\n      <td>0.409685</td>\n    </tr>\n    <tr>\n      <th>T</th>\n      <td>0.175812</td>\n      <td>0.575852</td>\n      <td>-0.323039</td>\n      <td>-0.073779</td>\n      <td>0.039907</td>\n      <td>-0.166369</td>\n      <td>-0.323128</td>\n      <td>0.271527</td>\n      <td>0.154649</td>\n      <td>0.146178</td>\n      <td>0.393727</td>\n      <td>0.361072</td>\n      <td>-0.496409</td>\n      <td>0.293699</td>\n      <td>-0.020020</td>\n      <td>0.369688</td>\n      <td>0.000000</td>\n      <td>0.443313</td>\n      <td>-0.064157</td>\n      <td>0.047177</td>\n    </tr>\n    <tr>\n      <th>V</th>\n      <td>0.122737</td>\n      <td>-0.188178</td>\n      <td>-0.925880</td>\n      <td>-0.521313</td>\n      <td>-0.406127</td>\n      <td>-0.761413</td>\n      <td>-0.809327</td>\n      <td>0.307803</td>\n      <td>-0.805664</td>\n      <td>-0.199019</td>\n      <td>-0.330462</td>\n      <td>-0.755143</td>\n      <td>-0.919205</td>\n      <td>-0.638702</td>\n      <td>-1.117753</td>\n      <td>-0.617303</td>\n      <td>-0.204123</td>\n      <td>0.000000</td>\n      <td>-0.914717</td>\n      <td>-0.801795</td>\n    </tr>\n    <tr>\n      <th>W</th>\n      <td>-0.153740</td>\n      <td>-0.051575</td>\n      <td>-0.414390</td>\n      <td>-0.308171</td>\n      <td>-0.199816</td>\n      <td>-1.039825</td>\n      <td>-0.039015</td>\n      <td>-0.121015</td>\n      <td>-0.314064</td>\n      <td>-0.252410</td>\n      <td>-0.429243</td>\n      <td>-0.326967</td>\n      <td>-1.085779</td>\n      <td>-0.026637</td>\n      <td>-0.077310</td>\n      <td>-0.104928</td>\n      <td>-0.150815</td>\n      <td>-0.370212</td>\n      <td>0.000000</td>\n      <td>-0.225545</td>\n    </tr>\n    <tr>\n      <th>Y</th>\n      <td>-0.866431</td>\n      <td>-0.729975</td>\n      <td>-0.761619</td>\n      <td>-1.270060</td>\n      <td>0.182602</td>\n      <td>-1.295045</td>\n      <td>-0.301181</td>\n      <td>-0.918069</td>\n      <td>-1.342734</td>\n      <td>-1.060839</td>\n      <td>-0.890225</td>\n      <td>-0.709365</td>\n      <td>-1.507258</td>\n      <td>-1.233188</td>\n      <td>-1.241636</td>\n      <td>-0.782613</td>\n      <td>-1.168391</td>\n      <td>-0.730769</td>\n      <td>-0.377988</td>\n      <td>0.000000</td>\n    </tr>\n  </tbody>\n</table>\n</div>"
     },
     "execution_count": 10,
     "metadata": {},
     "output_type": "execute_result"
    }
   ],
   "source": [
    "mean_substitutions"
   ],
   "metadata": {
    "collapsed": false,
    "ExecuteTime": {
     "end_time": "2023-06-21T08:01:30.179940900Z",
     "start_time": "2023-06-21T08:01:29.967719200Z"
    }
   }
  },
  {
   "cell_type": "code",
   "execution_count": 9,
   "outputs": [
    {
     "data": {
      "text/plain": "AS_new         A         C         D         E         F         G         H   \nAS_new                                                                         \nA       0.000000  1.870447  2.057424  1.677953  2.074712  1.800098  1.616680  \\\nC       1.870447  0.000000  2.932487  2.646722  1.435872  2.400857  2.179488   \nD       2.057424  2.932487  0.000000  1.147741  2.851973  1.623479  1.562002   \nE       1.677953  2.646722  1.147741  0.000000  2.716283  1.383653  1.591554   \nF       2.074712  1.435872  2.851973  2.716283  0.000000  2.604831  1.940718   \nG       1.800098  2.400857  1.623479  1.383653  2.604831  0.000000  1.812648   \nH       1.616680  2.179488  1.562002  1.591554  1.940718  1.812648  0.000000   \nI       1.972078  1.457241  3.116516  2.687395  1.640068  2.646116  2.420617   \nK       1.663155  2.341538  1.675408  1.266700  2.634391  1.241790  1.625366   \nL       1.731438  1.861285  2.846908  2.444568  1.889827  2.267662  2.212610   \nM       2.464359  1.543734  3.331162  3.072152  1.739786  2.792097  2.622430   \nN       1.605218  1.546109  1.705688  1.613702  1.771891  1.595640  1.331438   \nP       2.599323  3.430827  1.851973  1.688013  3.318476  1.669550  2.415598   \nQ       1.324979  2.037637  1.845346  1.448361  2.286170  1.808504  1.438266   \nR       1.734199  2.128601  1.894457  1.697370  2.310283  1.539402  1.746828   \nS       1.334446  1.433622  2.039805  1.790569  1.752132  1.626238  1.538785   \nT       1.719908  1.808142  2.226007  1.874593  2.095080  1.924800  1.981881   \nV       2.085699  1.330392  3.020563  2.744142  1.503799  2.621017  2.435773   \nW       1.770016  2.086560  1.912520  1.711126  1.734475  1.822127  1.111196   \nY       1.858589  1.847943  2.303482  2.160131  1.324595  2.155682  1.259381   \n\nAS_new         I         K         L         M         N         P         Q   \nAS_new                                                                         \nA       1.972078  1.663155  1.731438  2.464359  1.605218  2.599323  1.324979  \\\nC       1.457241  2.341538  1.861285  1.543734  1.546109  3.430827  2.037637   \nD       3.116516  1.675408  2.846908  3.331162  1.705688  1.851973  1.845346   \nE       2.687395  1.266700  2.444568  3.072152  1.613702  1.688013  1.448361   \nF       1.640068  2.634391  1.889827  1.739786  1.771891  3.318476  2.286170   \nG       2.646116  1.241790  2.267662  2.792097  1.595640  1.669550  1.808504   \nH       2.420617  1.625366  2.212610  2.622430  1.331438  2.415598  1.438266   \nI       0.000000  2.528704  1.504370  1.357431  2.109293  3.210016  2.202334   \nK       2.528704  0.000000  2.065978  2.711528  1.464649  2.097893  1.391438   \nL       1.504370  2.065978  0.000000  1.329744  1.942971  2.858723  2.105607   \nM       1.357431  2.711528  1.329744  0.000000  2.076730  3.472305  2.573854   \nN       2.109293  1.464649  1.942971  2.076730  0.000000  2.438327  1.303982   \nP       3.210016  2.097893  2.858723  3.472305  2.438327  0.000000  2.276721   \nQ       2.202334  1.391438  2.105607  2.573854  1.303982  2.276721  0.000000   \nR       2.317928  1.339549  2.167016  2.604194  1.534418  2.084335  1.206475   \nS       1.955986  1.518363  1.824881  2.274703  1.264255  2.467711  1.329373   \nT       1.579251  1.716352  1.656438  2.122515  1.604616  2.407898  1.786966   \nV       0.918103  2.545937  1.319766  0.939865  1.918190  3.226790  2.361544   \nW       2.373551  1.814540  2.247970  2.612387  1.395493  2.434034  1.467078   \nY       2.249416  2.160693  2.243036  2.369041  1.486437  3.003647  1.752471   \n\nAS_new         R         S         T         V         W         Y  \nAS_new                                                              \nA       1.734199  1.334446  1.719908  2.085699  1.770016  1.858589  \nC       2.128601  1.433622  1.808142  1.330392  2.086560  1.847943  \nD       1.894457  2.039805  2.226007  3.020563  1.912520  2.303482  \nE       1.697370  1.790569  1.874593  2.744142  1.711126  2.160131  \nF       2.310283  1.752132  2.095080  1.503799  1.734475  1.324595  \nG       1.539402  1.626238  1.924800  2.621017  1.822127  2.155682  \nH       1.746828  1.538785  1.981881  2.435773  1.111196  1.259381  \nI       2.317928  1.955986  1.579251  0.918103  2.373551  2.249416  \nK       1.339549  1.518363  1.716352  2.545937  1.814540  2.160693  \nL       2.167016  1.824881  1.656438  1.319766  2.247970  2.243036  \nM       2.604194  2.274703  2.122515  0.939865  2.612387  2.369041  \nN       1.534418  1.264255  1.604616  1.918190  1.395493  1.486437  \nP       2.084335  2.467711  2.407898  3.226790  2.434034  3.003647  \nQ       1.206475  1.329373  1.786966  2.361544  1.467078  1.752471  \nR       0.000000  1.271253  1.825460  2.433945  1.496404  1.960535  \nS       1.271253  0.000000  1.463185  1.882802  1.403927  1.665950  \nT       1.825460  1.463185  0.000000  1.582955  2.164303  2.341283  \nV       2.433945  1.882802  1.582955  0.000000  2.483342  2.294857  \nW       1.496404  1.403927  2.164303  2.483342  0.000000  0.969899  \nY       1.960535  1.665950  2.341283  2.294857  0.969899  0.000000  ",
      "text/html": "<div>\n<style scoped>\n    .dataframe tbody tr th:only-of-type {\n        vertical-align: middle;\n    }\n\n    .dataframe tbody tr th {\n        vertical-align: top;\n    }\n\n    .dataframe thead th {\n        text-align: right;\n    }\n</style>\n<table border=\"1\" class=\"dataframe\">\n  <thead>\n    <tr style=\"text-align: right;\">\n      <th>AS_new</th>\n      <th>A</th>\n      <th>C</th>\n      <th>D</th>\n      <th>E</th>\n      <th>F</th>\n      <th>G</th>\n      <th>H</th>\n      <th>I</th>\n      <th>K</th>\n      <th>L</th>\n      <th>M</th>\n      <th>N</th>\n      <th>P</th>\n      <th>Q</th>\n      <th>R</th>\n      <th>S</th>\n      <th>T</th>\n      <th>V</th>\n      <th>W</th>\n      <th>Y</th>\n    </tr>\n    <tr>\n      <th>AS_new</th>\n      <th></th>\n      <th></th>\n      <th></th>\n      <th></th>\n      <th></th>\n      <th></th>\n      <th></th>\n      <th></th>\n      <th></th>\n      <th></th>\n      <th></th>\n      <th></th>\n      <th></th>\n      <th></th>\n      <th></th>\n      <th></th>\n      <th></th>\n      <th></th>\n      <th></th>\n      <th></th>\n    </tr>\n  </thead>\n  <tbody>\n    <tr>\n      <th>A</th>\n      <td>0.000000</td>\n      <td>1.870447</td>\n      <td>2.057424</td>\n      <td>1.677953</td>\n      <td>2.074712</td>\n      <td>1.800098</td>\n      <td>1.616680</td>\n      <td>1.972078</td>\n      <td>1.663155</td>\n      <td>1.731438</td>\n      <td>2.464359</td>\n      <td>1.605218</td>\n      <td>2.599323</td>\n      <td>1.324979</td>\n      <td>1.734199</td>\n      <td>1.334446</td>\n      <td>1.719908</td>\n      <td>2.085699</td>\n      <td>1.770016</td>\n      <td>1.858589</td>\n    </tr>\n    <tr>\n      <th>C</th>\n      <td>1.870447</td>\n      <td>0.000000</td>\n      <td>2.932487</td>\n      <td>2.646722</td>\n      <td>1.435872</td>\n      <td>2.400857</td>\n      <td>2.179488</td>\n      <td>1.457241</td>\n      <td>2.341538</td>\n      <td>1.861285</td>\n      <td>1.543734</td>\n      <td>1.546109</td>\n      <td>3.430827</td>\n      <td>2.037637</td>\n      <td>2.128601</td>\n      <td>1.433622</td>\n      <td>1.808142</td>\n      <td>1.330392</td>\n      <td>2.086560</td>\n      <td>1.847943</td>\n    </tr>\n    <tr>\n      <th>D</th>\n      <td>2.057424</td>\n      <td>2.932487</td>\n      <td>0.000000</td>\n      <td>1.147741</td>\n      <td>2.851973</td>\n      <td>1.623479</td>\n      <td>1.562002</td>\n      <td>3.116516</td>\n      <td>1.675408</td>\n      <td>2.846908</td>\n      <td>3.331162</td>\n      <td>1.705688</td>\n      <td>1.851973</td>\n      <td>1.845346</td>\n      <td>1.894457</td>\n      <td>2.039805</td>\n      <td>2.226007</td>\n      <td>3.020563</td>\n      <td>1.912520</td>\n      <td>2.303482</td>\n    </tr>\n    <tr>\n      <th>E</th>\n      <td>1.677953</td>\n      <td>2.646722</td>\n      <td>1.147741</td>\n      <td>0.000000</td>\n      <td>2.716283</td>\n      <td>1.383653</td>\n      <td>1.591554</td>\n      <td>2.687395</td>\n      <td>1.266700</td>\n      <td>2.444568</td>\n      <td>3.072152</td>\n      <td>1.613702</td>\n      <td>1.688013</td>\n      <td>1.448361</td>\n      <td>1.697370</td>\n      <td>1.790569</td>\n      <td>1.874593</td>\n      <td>2.744142</td>\n      <td>1.711126</td>\n      <td>2.160131</td>\n    </tr>\n    <tr>\n      <th>F</th>\n      <td>2.074712</td>\n      <td>1.435872</td>\n      <td>2.851973</td>\n      <td>2.716283</td>\n      <td>0.000000</td>\n      <td>2.604831</td>\n      <td>1.940718</td>\n      <td>1.640068</td>\n      <td>2.634391</td>\n      <td>1.889827</td>\n      <td>1.739786</td>\n      <td>1.771891</td>\n      <td>3.318476</td>\n      <td>2.286170</td>\n      <td>2.310283</td>\n      <td>1.752132</td>\n      <td>2.095080</td>\n      <td>1.503799</td>\n      <td>1.734475</td>\n      <td>1.324595</td>\n    </tr>\n    <tr>\n      <th>G</th>\n      <td>1.800098</td>\n      <td>2.400857</td>\n      <td>1.623479</td>\n      <td>1.383653</td>\n      <td>2.604831</td>\n      <td>0.000000</td>\n      <td>1.812648</td>\n      <td>2.646116</td>\n      <td>1.241790</td>\n      <td>2.267662</td>\n      <td>2.792097</td>\n      <td>1.595640</td>\n      <td>1.669550</td>\n      <td>1.808504</td>\n      <td>1.539402</td>\n      <td>1.626238</td>\n      <td>1.924800</td>\n      <td>2.621017</td>\n      <td>1.822127</td>\n      <td>2.155682</td>\n    </tr>\n    <tr>\n      <th>H</th>\n      <td>1.616680</td>\n      <td>2.179488</td>\n      <td>1.562002</td>\n      <td>1.591554</td>\n      <td>1.940718</td>\n      <td>1.812648</td>\n      <td>0.000000</td>\n      <td>2.420617</td>\n      <td>1.625366</td>\n      <td>2.212610</td>\n      <td>2.622430</td>\n      <td>1.331438</td>\n      <td>2.415598</td>\n      <td>1.438266</td>\n      <td>1.746828</td>\n      <td>1.538785</td>\n      <td>1.981881</td>\n      <td>2.435773</td>\n      <td>1.111196</td>\n      <td>1.259381</td>\n    </tr>\n    <tr>\n      <th>I</th>\n      <td>1.972078</td>\n      <td>1.457241</td>\n      <td>3.116516</td>\n      <td>2.687395</td>\n      <td>1.640068</td>\n      <td>2.646116</td>\n      <td>2.420617</td>\n      <td>0.000000</td>\n      <td>2.528704</td>\n      <td>1.504370</td>\n      <td>1.357431</td>\n      <td>2.109293</td>\n      <td>3.210016</td>\n      <td>2.202334</td>\n      <td>2.317928</td>\n      <td>1.955986</td>\n      <td>1.579251</td>\n      <td>0.918103</td>\n      <td>2.373551</td>\n      <td>2.249416</td>\n    </tr>\n    <tr>\n      <th>K</th>\n      <td>1.663155</td>\n      <td>2.341538</td>\n      <td>1.675408</td>\n      <td>1.266700</td>\n      <td>2.634391</td>\n      <td>1.241790</td>\n      <td>1.625366</td>\n      <td>2.528704</td>\n      <td>0.000000</td>\n      <td>2.065978</td>\n      <td>2.711528</td>\n      <td>1.464649</td>\n      <td>2.097893</td>\n      <td>1.391438</td>\n      <td>1.339549</td>\n      <td>1.518363</td>\n      <td>1.716352</td>\n      <td>2.545937</td>\n      <td>1.814540</td>\n      <td>2.160693</td>\n    </tr>\n    <tr>\n      <th>L</th>\n      <td>1.731438</td>\n      <td>1.861285</td>\n      <td>2.846908</td>\n      <td>2.444568</td>\n      <td>1.889827</td>\n      <td>2.267662</td>\n      <td>2.212610</td>\n      <td>1.504370</td>\n      <td>2.065978</td>\n      <td>0.000000</td>\n      <td>1.329744</td>\n      <td>1.942971</td>\n      <td>2.858723</td>\n      <td>2.105607</td>\n      <td>2.167016</td>\n      <td>1.824881</td>\n      <td>1.656438</td>\n      <td>1.319766</td>\n      <td>2.247970</td>\n      <td>2.243036</td>\n    </tr>\n    <tr>\n      <th>M</th>\n      <td>2.464359</td>\n      <td>1.543734</td>\n      <td>3.331162</td>\n      <td>3.072152</td>\n      <td>1.739786</td>\n      <td>2.792097</td>\n      <td>2.622430</td>\n      <td>1.357431</td>\n      <td>2.711528</td>\n      <td>1.329744</td>\n      <td>0.000000</td>\n      <td>2.076730</td>\n      <td>3.472305</td>\n      <td>2.573854</td>\n      <td>2.604194</td>\n      <td>2.274703</td>\n      <td>2.122515</td>\n      <td>0.939865</td>\n      <td>2.612387</td>\n      <td>2.369041</td>\n    </tr>\n    <tr>\n      <th>N</th>\n      <td>1.605218</td>\n      <td>1.546109</td>\n      <td>1.705688</td>\n      <td>1.613702</td>\n      <td>1.771891</td>\n      <td>1.595640</td>\n      <td>1.331438</td>\n      <td>2.109293</td>\n      <td>1.464649</td>\n      <td>1.942971</td>\n      <td>2.076730</td>\n      <td>0.000000</td>\n      <td>2.438327</td>\n      <td>1.303982</td>\n      <td>1.534418</td>\n      <td>1.264255</td>\n      <td>1.604616</td>\n      <td>1.918190</td>\n      <td>1.395493</td>\n      <td>1.486437</td>\n    </tr>\n    <tr>\n      <th>P</th>\n      <td>2.599323</td>\n      <td>3.430827</td>\n      <td>1.851973</td>\n      <td>1.688013</td>\n      <td>3.318476</td>\n      <td>1.669550</td>\n      <td>2.415598</td>\n      <td>3.210016</td>\n      <td>2.097893</td>\n      <td>2.858723</td>\n      <td>3.472305</td>\n      <td>2.438327</td>\n      <td>0.000000</td>\n      <td>2.276721</td>\n      <td>2.084335</td>\n      <td>2.467711</td>\n      <td>2.407898</td>\n      <td>3.226790</td>\n      <td>2.434034</td>\n      <td>3.003647</td>\n    </tr>\n    <tr>\n      <th>Q</th>\n      <td>1.324979</td>\n      <td>2.037637</td>\n      <td>1.845346</td>\n      <td>1.448361</td>\n      <td>2.286170</td>\n      <td>1.808504</td>\n      <td>1.438266</td>\n      <td>2.202334</td>\n      <td>1.391438</td>\n      <td>2.105607</td>\n      <td>2.573854</td>\n      <td>1.303982</td>\n      <td>2.276721</td>\n      <td>0.000000</td>\n      <td>1.206475</td>\n      <td>1.329373</td>\n      <td>1.786966</td>\n      <td>2.361544</td>\n      <td>1.467078</td>\n      <td>1.752471</td>\n    </tr>\n    <tr>\n      <th>R</th>\n      <td>1.734199</td>\n      <td>2.128601</td>\n      <td>1.894457</td>\n      <td>1.697370</td>\n      <td>2.310283</td>\n      <td>1.539402</td>\n      <td>1.746828</td>\n      <td>2.317928</td>\n      <td>1.339549</td>\n      <td>2.167016</td>\n      <td>2.604194</td>\n      <td>1.534418</td>\n      <td>2.084335</td>\n      <td>1.206475</td>\n      <td>0.000000</td>\n      <td>1.271253</td>\n      <td>1.825460</td>\n      <td>2.433945</td>\n      <td>1.496404</td>\n      <td>1.960535</td>\n    </tr>\n    <tr>\n      <th>S</th>\n      <td>1.334446</td>\n      <td>1.433622</td>\n      <td>2.039805</td>\n      <td>1.790569</td>\n      <td>1.752132</td>\n      <td>1.626238</td>\n      <td>1.538785</td>\n      <td>1.955986</td>\n      <td>1.518363</td>\n      <td>1.824881</td>\n      <td>2.274703</td>\n      <td>1.264255</td>\n      <td>2.467711</td>\n      <td>1.329373</td>\n      <td>1.271253</td>\n      <td>0.000000</td>\n      <td>1.463185</td>\n      <td>1.882802</td>\n      <td>1.403927</td>\n      <td>1.665950</td>\n    </tr>\n    <tr>\n      <th>T</th>\n      <td>1.719908</td>\n      <td>1.808142</td>\n      <td>2.226007</td>\n      <td>1.874593</td>\n      <td>2.095080</td>\n      <td>1.924800</td>\n      <td>1.981881</td>\n      <td>1.579251</td>\n      <td>1.716352</td>\n      <td>1.656438</td>\n      <td>2.122515</td>\n      <td>1.604616</td>\n      <td>2.407898</td>\n      <td>1.786966</td>\n      <td>1.825460</td>\n      <td>1.463185</td>\n      <td>0.000000</td>\n      <td>1.582955</td>\n      <td>2.164303</td>\n      <td>2.341283</td>\n    </tr>\n    <tr>\n      <th>V</th>\n      <td>2.085699</td>\n      <td>1.330392</td>\n      <td>3.020563</td>\n      <td>2.744142</td>\n      <td>1.503799</td>\n      <td>2.621017</td>\n      <td>2.435773</td>\n      <td>0.918103</td>\n      <td>2.545937</td>\n      <td>1.319766</td>\n      <td>0.939865</td>\n      <td>1.918190</td>\n      <td>3.226790</td>\n      <td>2.361544</td>\n      <td>2.433945</td>\n      <td>1.882802</td>\n      <td>1.582955</td>\n      <td>0.000000</td>\n      <td>2.483342</td>\n      <td>2.294857</td>\n    </tr>\n    <tr>\n      <th>W</th>\n      <td>1.770016</td>\n      <td>2.086560</td>\n      <td>1.912520</td>\n      <td>1.711126</td>\n      <td>1.734475</td>\n      <td>1.822127</td>\n      <td>1.111196</td>\n      <td>2.373551</td>\n      <td>1.814540</td>\n      <td>2.247970</td>\n      <td>2.612387</td>\n      <td>1.395493</td>\n      <td>2.434034</td>\n      <td>1.467078</td>\n      <td>1.496404</td>\n      <td>1.403927</td>\n      <td>2.164303</td>\n      <td>2.483342</td>\n      <td>0.000000</td>\n      <td>0.969899</td>\n    </tr>\n    <tr>\n      <th>Y</th>\n      <td>1.858589</td>\n      <td>1.847943</td>\n      <td>2.303482</td>\n      <td>2.160131</td>\n      <td>1.324595</td>\n      <td>2.155682</td>\n      <td>1.259381</td>\n      <td>2.249416</td>\n      <td>2.160693</td>\n      <td>2.243036</td>\n      <td>2.369041</td>\n      <td>1.486437</td>\n      <td>3.003647</td>\n      <td>1.752471</td>\n      <td>1.960535</td>\n      <td>1.665950</td>\n      <td>2.341283</td>\n      <td>2.294857</td>\n      <td>0.969899</td>\n      <td>0.000000</td>\n    </tr>\n  </tbody>\n</table>\n</div>"
     },
     "execution_count": 9,
     "metadata": {},
     "output_type": "execute_result"
    }
   ],
   "source": [
    "from sklearn.metrics.pairwise import euclidean_distances\n",
    "\n",
    "# Speichern der \"AS_new\"-Spalte für Benennung der neuen Spalten\n",
    "labels_column = 'AS_new'\n",
    "\n",
    "# Transpose the DataFrame\n",
    "mean_substitutions_t = mean_substitutions.T\n",
    "\n",
    "# Berechnen der Distanzen der AA zueinander\n",
    "dms_distances = euclidean_distances(mean_substitutions_t.values)\n",
    "\n",
    "# Umwandeln zurück in einen DF zur besseren Übersicht\n",
    "mean_substitutions_df = pd.DataFrame(dms_distances, index=mean_substitutions_t.index, columns=mean_substitutions_t.index)\n",
    "\n",
    "# Print the first 20 rows of mean_substitutions\n",
    "mean_substitutions_df.head(20)\n"
   ],
   "metadata": {
    "collapsed": false,
    "ExecuteTime": {
     "end_time": "2023-06-21T08:01:17.871295400Z",
     "start_time": "2023-06-21T08:01:17.596683600Z"
    }
   }
  },
  {
   "cell_type": "markdown",
   "source": [
    "### Kommentar von Enno:\n",
