{
 "cells": [
  {
   "cell_type": "code",
   "execution_count": 7,
   "outputs": [],
   "source": [
    "# Hier berechne ich einen Distanzmatrix aus den Datensätzen"
   ],
   "metadata": {
    "collapsed": false,
    "ExecuteTime": {
     "start_time": "2023-06-22T15:01:38.445003Z",
     "end_time": "2023-06-22T15:01:38.480392Z"
    }
   }
  },
  {
   "cell_type": "code",
   "execution_count": 1,
   "outputs": [],
   "source": [
    "import pandas as pd\n",
    "import data_cleanup as dc\n",
    "import data_exploration as de"
   ],
   "metadata": {
    "collapsed": false,
    "ExecuteTime": {
     "start_time": "2023-06-23T13:51:25.062915Z",
     "end_time": "2023-06-23T13:51:25.164608Z"
    }
   }
  },
  {
   "cell_type": "code",
   "execution_count": 7,
   "outputs": [],
   "source": [
    "fpath = '../DMS_data/P53_HUMAN_Giacomelli_NULL_Etoposide_2018.csv'\n",
    "df = pd.read_csv(fpath)\n"
   ],
   "metadata": {
    "collapsed": false,
    "ExecuteTime": {
     "start_time": "2023-06-23T13:52:28.814963Z",
     "end_time": "2023-06-23T13:52:28.854403Z"
    }
   }
  },
  {
   "cell_type": "code",
   "execution_count": 8,
   "outputs": [],
   "source": [
    "# Auftrennen der Mutante in alte und neue AS\n",
    "mutations_df = dc.aufteilung_mut_pos(df)"
   ],
   "metadata": {
    "collapsed": false,
    "ExecuteTime": {
     "start_time": "2023-06-23T13:52:29.177730Z",
     "end_time": "2023-06-23T13:52:29.182395Z"
    }
   }
  },
  {
   "cell_type": "code",
   "execution_count": 9,
   "outputs": [],
   "source": [
    "# Gruppieren der Substitutionen, geordnet erst nach alter und dann nach neuer AS mit Inspiration von ChatGPT (.groupby in der Pandas Dokumentation beschreibt nur das groupen nach einem Parameter)\n",
    "subs_df = mutations_df.groupby([\"AS_old\", \"AS_new\"])\n",
    "\n",
    "# Berechnen des means für jede Kombination\n",
    "mean_scores = subs_df.DMS_score.mean()\n",
    "# Es gibt 380 Möglichkeiten, 20 AS mit Reihenfolge und ohne zurücklegen zu kombinieren. Aus den Mittelwerten dieser 380 möglichen Substitutionen soll nun eine Distanzmatrix erstellt werden."
   ],
   "metadata": {
    "collapsed": false,
    "ExecuteTime": {
     "start_time": "2023-06-23T13:52:29.555851Z",
     "end_time": "2023-06-23T13:52:29.561673Z"
    }
   }
  },
  {
   "cell_type": "code",
   "execution_count": 10,
   "outputs": [
    {
     "data": {
      "text/plain": "AS_new         A         C         D         E         F         G         H  \\\nAS_old                                                                         \nA       0.000000  0.398729  0.515101  0.457134  0.381672  0.012152  0.107080   \nC      -0.984361  0.000000 -1.510386 -1.416325 -0.191154 -0.942953 -1.161374   \nD       0.336420  0.364490  0.000000  0.538215  0.343919  0.203707  0.489931   \nE       0.439452  0.382776  0.376245  0.000000  0.349576  0.067008  0.507057   \nF      -0.689239 -0.378202 -1.367940 -0.864939  0.000000 -0.744887 -0.501397   \nG       0.269993  0.523857  0.214476  0.018696  0.199421  0.000000  0.287239   \nH       0.068617  0.244989 -0.059473 -0.118440  0.304758 -0.290995  0.000000   \nI      -1.301357 -0.320707 -1.656635 -1.631776 -0.231583 -1.367628 -1.444026   \nK       0.564866  0.674043  0.163895  0.157561  0.335243  0.352034  0.540112   \nL      -0.054848 -0.049377 -0.272737 -0.207789  0.121967 -0.559960  0.152569   \nM       0.366844 -0.025214 -0.502976 -0.262670  0.099787 -0.232334 -0.372969   \nN       0.525371  0.525193  0.130449  0.017914  0.209884  0.465068  0.158096   \nP      -0.113301  0.373813  0.298610  0.306073  0.178908  0.284230  0.358459   \nQ       0.326615  0.715331  0.428674  0.418482  0.627402  0.661938  0.518740   \nR      -0.269422  0.209994 -0.737071 -0.720329 -0.217364 -0.234577 -0.128117   \nS       0.110171  0.488338  0.253284  0.341156  0.194215  0.374783  0.272749   \nT       0.175812  0.575852 -0.323039 -0.073779  0.039907 -0.166369 -0.323128   \nV       0.122737 -0.188178 -0.925880 -0.521313 -0.406127 -0.761413 -0.809327   \nW      -0.153740 -0.051575 -0.414390 -0.308171 -0.199816 -1.039825 -0.039015   \nY      -0.866431 -0.729975 -0.761619 -1.270060  0.182602 -1.295045 -0.301181   \n\nAS_new         I         K         L         M         N         P         Q  \\\nAS_old                                                                         \nA       0.322948  0.181169  0.010173  0.290941  0.243262 -0.118068  0.124772   \nC      -0.309752 -1.349437 -1.293370 -0.735466 -0.871731 -1.376094 -0.883989   \nD       0.101190  0.321578  0.181842  0.021296  0.259362 -0.054858  0.215632   \nE       0.371153  0.112546  0.306692  0.375952  0.362416 -0.331368  0.437464   \nF      -0.138207 -0.800865  0.000087  0.048709 -0.793803 -0.833767 -0.505582   \nG      -0.068060  0.080282  0.012710  0.233815  0.335321 -0.176705  0.319435   \nH      -0.201286 -0.285608  0.012453  0.339755  0.453583 -0.435685  0.313392   \nI       0.000000 -1.430235  0.064510  0.607118 -0.923276 -1.309344 -1.550460   \nK       0.516667  0.000000  0.582710  0.639539  0.391722  0.327485  0.355389   \nL       0.638786 -0.225543  0.000000  0.499890 -0.210440 -0.272881  0.178392   \nM       0.155454  0.047197  0.415377  0.000000 -0.236621 -0.646064  0.013813   \nN       0.098020  0.208273  0.308124  0.365440  0.000000 -0.482108 -0.030669   \nP       0.318722  0.320253  0.056795  0.312723  0.408656  0.000000  0.202268   \nQ       0.451678  0.596154  0.525280  0.809224  0.710474 -0.044097  0.000000   \nR      -0.049724  0.309015  0.129087  0.251090 -0.114944 -0.772826 -0.160866   \nS       0.387556  0.313318 -0.026329  0.380941  0.544854  0.070606  0.360566   \nT       0.271527  0.154649  0.146178  0.393727  0.361072 -0.496409  0.293699   \nV       0.307803 -0.805664 -0.199019 -0.330462 -0.755143 -0.919205 -0.638702   \nW      -0.121015 -0.314064 -0.252410 -0.429243 -0.326967 -1.085779 -0.026637   \nY      -0.918069 -1.342734 -1.060839 -0.890225 -0.709365 -1.507258 -1.233188   \n\nAS_new         R         S         T         V         W         Y  \nAS_old                                                              \nA       0.116215  0.280331  0.476545  0.486577  0.223571  0.370961  \nC      -0.514196 -0.447143 -0.752822 -0.561304 -0.678823 -0.587628  \nD      -0.151917  0.347274  0.246090  0.173693  0.364983  0.389608  \nE      -0.094437  0.272662  0.433548  0.375813  0.214914  0.379793  \nF      -0.768096 -0.607131 -0.852016 -0.389713 -0.112035  0.159711  \nG      -0.072564  0.217142  0.137428  0.222302 -0.286193  0.127274  \nH       0.042533 -0.135786 -0.556795 -0.016774  0.313742  0.405657  \nI      -1.285973 -0.986439 -0.416796  0.413857 -1.451584 -1.333389  \nK       0.278626  0.494709  0.537629  0.611187  0.388272  0.460607  \nL      -0.015421 -0.435978 -0.231729  0.374415 -0.156716  0.125480  \nM       0.104163 -0.096581  0.214345  0.094048 -0.379727 -0.011574  \nN       0.271186  0.362123 -0.382907  0.171258  0.187186  0.375355  \nP       0.110990  0.194595  0.361697  0.362135  0.092374  0.373687  \nQ       0.139630  0.122414  0.399066  0.540982  0.462125  0.692488  \nR       0.000000  0.047192 -0.057759 -0.040245 -0.293446 -0.285565  \nS       0.271872  0.000000  0.368362  0.113057  0.316506  0.409685  \nT      -0.020020  0.369688  0.000000  0.443313 -0.064157  0.047177  \nV      -1.117753 -0.617303 -0.204123  0.000000 -0.914717 -0.801795  \nW      -0.077310 -0.104928 -0.150815 -0.370212  0.000000 -0.225545  \nY      -1.241636 -0.782613 -1.168391 -0.730769 -0.377988  0.000000  ",
      "text/html": "<div>\n<style scoped>\n    .dataframe tbody tr th:only-of-type {\n        vertical-align: middle;\n    }\n\n    .dataframe tbody tr th {\n        vertical-align: top;\n    }\n\n    .dataframe thead th {\n        text-align: right;\n    }\n</style>\n<table border=\"1\" class=\"dataframe\">\n  <thead>\n    <tr style=\"text-align: right;\">\n      <th>AS_new</th>\n      <th>A</th>\n      <th>C</th>\n      <th>D</th>\n      <th>E</th>\n      <th>F</th>\n      <th>G</th>\n      <th>H</th>\n      <th>I</th>\n      <th>K</th>\n      <th>L</th>\n      <th>M</th>\n      <th>N</th>\n      <th>P</th>\n      <th>Q</th>\n      <th>R</th>\n      <th>S</th>\n      <th>T</th>\n      <th>V</th>\n      <th>W</th>\n      <th>Y</th>\n    </tr>\n    <tr>\n      <th>AS_old</th>\n      <th></th>\n      <th></th>\n      <th></th>\n      <th></th>\n      <th></th>\n      <th></th>\n      <th></th>\n      <th></th>\n      <th></th>\n      <th></th>\n      <th></th>\n      <th></th>\n      <th></th>\n      <th></th>\n      <th></th>\n      <th></th>\n      <th></th>\n      <th></th>\n      <th></th>\n      <th></th>\n    </tr>\n  </thead>\n  <tbody>\n    <tr>\n      <th>A</th>\n      <td>0.000000</td>\n      <td>0.398729</td>\n      <td>0.515101</td>\n      <td>0.457134</td>\n      <td>0.381672</td>\n      <td>0.012152</td>\n      <td>0.107080</td>\n      <td>0.322948</td>\n      <td>0.181169</td>\n      <td>0.010173</td>\n      <td>0.290941</td>\n      <td>0.243262</td>\n      <td>-0.118068</td>\n      <td>0.124772</td>\n      <td>0.116215</td>\n      <td>0.280331</td>\n      <td>0.476545</td>\n      <td>0.486577</td>\n      <td>0.223571</td>\n      <td>0.370961</td>\n    </tr>\n    <tr>\n      <th>C</th>\n      <td>-0.984361</td>\n      <td>0.000000</td>\n      <td>-1.510386</td>\n      <td>-1.416325</td>\n      <td>-0.191154</td>\n      <td>-0.942953</td>\n      <td>-1.161374</td>\n      <td>-0.309752</td>\n      <td>-1.349437</td>\n      <td>-1.293370</td>\n      <td>-0.735466</td>\n      <td>-0.871731</td>\n      <td>-1.376094</td>\n      <td>-0.883989</td>\n      <td>-0.514196</td>\n      <td>-0.447143</td>\n      <td>-0.752822</td>\n      <td>-0.561304</td>\n      <td>-0.678823</td>\n      <td>-0.587628</td>\n    </tr>\n    <tr>\n      <th>D</th>\n      <td>0.336420</td>\n      <td>0.364490</td>\n      <td>0.000000</td>\n      <td>0.538215</td>\n      <td>0.343919</td>\n      <td>0.203707</td>\n      <td>0.489931</td>\n      <td>0.101190</td>\n      <td>0.321578</td>\n      <td>0.181842</td>\n      <td>0.021296</td>\n      <td>0.259362</td>\n      <td>-0.054858</td>\n      <td>0.215632</td>\n      <td>-0.151917</td>\n      <td>0.347274</td>\n      <td>0.246090</td>\n      <td>0.173693</td>\n      <td>0.364983</td>\n      <td>0.389608</td>\n    </tr>\n    <tr>\n      <th>E</th>\n      <td>0.439452</td>\n      <td>0.382776</td>\n      <td>0.376245</td>\n      <td>0.000000</td>\n      <td>0.349576</td>\n      <td>0.067008</td>\n      <td>0.507057</td>\n      <td>0.371153</td>\n      <td>0.112546</td>\n      <td>0.306692</td>\n      <td>0.375952</td>\n      <td>0.362416</td>\n      <td>-0.331368</td>\n      <td>0.437464</td>\n      <td>-0.094437</td>\n      <td>0.272662</td>\n      <td>0.433548</td>\n      <td>0.375813</td>\n      <td>0.214914</td>\n      <td>0.379793</td>\n    </tr>\n    <tr>\n      <th>F</th>\n      <td>-0.689239</td>\n      <td>-0.378202</td>\n      <td>-1.367940</td>\n      <td>-0.864939</td>\n      <td>0.000000</td>\n      <td>-0.744887</td>\n      <td>-0.501397</td>\n      <td>-0.138207</td>\n      <td>-0.800865</td>\n      <td>0.000087</td>\n      <td>0.048709</td>\n      <td>-0.793803</td>\n      <td>-0.833767</td>\n      <td>-0.505582</td>\n      <td>-0.768096</td>\n      <td>-0.607131</td>\n      <td>-0.852016</td>\n      <td>-0.389713</td>\n      <td>-0.112035</td>\n      <td>0.159711</td>\n    </tr>\n    <tr>\n      <th>G</th>\n      <td>0.269993</td>\n      <td>0.523857</td>\n      <td>0.214476</td>\n      <td>0.018696</td>\n      <td>0.199421</td>\n      <td>0.000000</td>\n      <td>0.287239</td>\n      <td>-0.068060</td>\n      <td>0.080282</td>\n      <td>0.012710</td>\n      <td>0.233815</td>\n      <td>0.335321</td>\n      <td>-0.176705</td>\n      <td>0.319435</td>\n      <td>-0.072564</td>\n      <td>0.217142</td>\n      <td>0.137428</td>\n      <td>0.222302</td>\n      <td>-0.286193</td>\n      <td>0.127274</td>\n    </tr>\n    <tr>\n      <th>H</th>\n      <td>0.068617</td>\n      <td>0.244989</td>\n      <td>-0.059473</td>\n      <td>-0.118440</td>\n      <td>0.304758</td>\n      <td>-0.290995</td>\n      <td>0.000000</td>\n      <td>-0.201286</td>\n      <td>-0.285608</td>\n      <td>0.012453</td>\n      <td>0.339755</td>\n      <td>0.453583</td>\n      <td>-0.435685</td>\n      <td>0.313392</td>\n      <td>0.042533</td>\n      <td>-0.135786</td>\n      <td>-0.556795</td>\n      <td>-0.016774</td>\n      <td>0.313742</td>\n      <td>0.405657</td>\n    </tr>\n    <tr>\n      <th>I</th>\n      <td>-1.301357</td>\n      <td>-0.320707</td>\n      <td>-1.656635</td>\n      <td>-1.631776</td>\n      <td>-0.231583</td>\n      <td>-1.367628</td>\n      <td>-1.444026</td>\n      <td>0.000000</td>\n      <td>-1.430235</td>\n      <td>0.064510</td>\n      <td>0.607118</td>\n      <td>-0.923276</td>\n      <td>-1.309344</td>\n      <td>-1.550460</td>\n      <td>-1.285973</td>\n      <td>-0.986439</td>\n      <td>-0.416796</td>\n      <td>0.413857</td>\n      <td>-1.451584</td>\n      <td>-1.333389</td>\n    </tr>\n    <tr>\n      <th>K</th>\n      <td>0.564866</td>\n      <td>0.674043</td>\n      <td>0.163895</td>\n      <td>0.157561</td>\n      <td>0.335243</td>\n      <td>0.352034</td>\n      <td>0.540112</td>\n      <td>0.516667</td>\n      <td>0.000000</td>\n      <td>0.582710</td>\n      <td>0.639539</td>\n      <td>0.391722</td>\n      <td>0.327485</td>\n      <td>0.355389</td>\n      <td>0.278626</td>\n      <td>0.494709</td>\n      <td>0.537629</td>\n      <td>0.611187</td>\n      <td>0.388272</td>\n      <td>0.460607</td>\n    </tr>\n    <tr>\n      <th>L</th>\n      <td>-0.054848</td>\n      <td>-0.049377</td>\n      <td>-0.272737</td>\n      <td>-0.207789</td>\n      <td>0.121967</td>\n      <td>-0.559960</td>\n      <td>0.152569</td>\n      <td>0.638786</td>\n      <td>-0.225543</td>\n      <td>0.000000</td>\n      <td>0.499890</td>\n      <td>-0.210440</td>\n      <td>-0.272881</td>\n      <td>0.178392</td>\n      <td>-0.015421</td>\n      <td>-0.435978</td>\n      <td>-0.231729</td>\n      <td>0.374415</td>\n      <td>-0.156716</td>\n      <td>0.125480</td>\n    </tr>\n    <tr>\n      <th>M</th>\n      <td>0.366844</td>\n      <td>-0.025214</td>\n      <td>-0.502976</td>\n      <td>-0.262670</td>\n      <td>0.099787</td>\n      <td>-0.232334</td>\n      <td>-0.372969</td>\n      <td>0.155454</td>\n      <td>0.047197</td>\n      <td>0.415377</td>\n      <td>0.000000</td>\n      <td>-0.236621</td>\n      <td>-0.646064</td>\n      <td>0.013813</td>\n      <td>0.104163</td>\n      <td>-0.096581</td>\n      <td>0.214345</td>\n      <td>0.094048</td>\n      <td>-0.379727</td>\n      <td>-0.011574</td>\n    </tr>\n    <tr>\n      <th>N</th>\n      <td>0.525371</td>\n      <td>0.525193</td>\n      <td>0.130449</td>\n      <td>0.017914</td>\n      <td>0.209884</td>\n      <td>0.465068</td>\n      <td>0.158096</td>\n      <td>0.098020</td>\n      <td>0.208273</td>\n      <td>0.308124</td>\n      <td>0.365440</td>\n      <td>0.000000</td>\n      <td>-0.482108</td>\n      <td>-0.030669</td>\n      <td>0.271186</td>\n      <td>0.362123</td>\n      <td>-0.382907</td>\n      <td>0.171258</td>\n      <td>0.187186</td>\n      <td>0.375355</td>\n    </tr>\n    <tr>\n      <th>P</th>\n      <td>-0.113301</td>\n      <td>0.373813</td>\n      <td>0.298610</td>\n      <td>0.306073</td>\n      <td>0.178908</td>\n      <td>0.284230</td>\n      <td>0.358459</td>\n      <td>0.318722</td>\n      <td>0.320253</td>\n      <td>0.056795</td>\n      <td>0.312723</td>\n      <td>0.408656</td>\n      <td>0.000000</td>\n      <td>0.202268</td>\n      <td>0.110990</td>\n      <td>0.194595</td>\n      <td>0.361697</td>\n      <td>0.362135</td>\n      <td>0.092374</td>\n      <td>0.373687</td>\n    </tr>\n    <tr>\n      <th>Q</th>\n      <td>0.326615</td>\n      <td>0.715331</td>\n      <td>0.428674</td>\n      <td>0.418482</td>\n      <td>0.627402</td>\n      <td>0.661938</td>\n      <td>0.518740</td>\n      <td>0.451678</td>\n      <td>0.596154</td>\n      <td>0.525280</td>\n      <td>0.809224</td>\n      <td>0.710474</td>\n      <td>-0.044097</td>\n      <td>0.000000</td>\n      <td>0.139630</td>\n      <td>0.122414</td>\n      <td>0.399066</td>\n      <td>0.540982</td>\n      <td>0.462125</td>\n      <td>0.692488</td>\n    </tr>\n    <tr>\n      <th>R</th>\n      <td>-0.269422</td>\n      <td>0.209994</td>\n      <td>-0.737071</td>\n      <td>-0.720329</td>\n      <td>-0.217364</td>\n      <td>-0.234577</td>\n      <td>-0.128117</td>\n      <td>-0.049724</td>\n      <td>0.309015</td>\n      <td>0.129087</td>\n      <td>0.251090</td>\n      <td>-0.114944</td>\n      <td>-0.772826</td>\n      <td>-0.160866</td>\n      <td>0.000000</td>\n      <td>0.047192</td>\n      <td>-0.057759</td>\n      <td>-0.040245</td>\n      <td>-0.293446</td>\n      <td>-0.285565</td>\n    </tr>\n    <tr>\n      <th>S</th>\n      <td>0.110171</td>\n      <td>0.488338</td>\n      <td>0.253284</td>\n      <td>0.341156</td>\n      <td>0.194215</td>\n      <td>0.374783</td>\n      <td>0.272749</td>\n      <td>0.387556</td>\n      <td>0.313318</td>\n      <td>-0.026329</td>\n      <td>0.380941</td>\n      <td>0.544854</td>\n      <td>0.070606</td>\n      <td>0.360566</td>\n      <td>0.271872</td>\n      <td>0.000000</td>\n      <td>0.368362</td>\n      <td>0.113057</td>\n      <td>0.316506</td>\n      <td>0.409685</td>\n    </tr>\n    <tr>\n      <th>T</th>\n      <td>0.175812</td>\n      <td>0.575852</td>\n      <td>-0.323039</td>\n      <td>-0.073779</td>\n      <td>0.039907</td>\n      <td>-0.166369</td>\n      <td>-0.323128</td>\n      <td>0.271527</td>\n      <td>0.154649</td>\n      <td>0.146178</td>\n      <td>0.393727</td>\n      <td>0.361072</td>\n      <td>-0.496409</td>\n      <td>0.293699</td>\n      <td>-0.020020</td>\n      <td>0.369688</td>\n      <td>0.000000</td>\n      <td>0.443313</td>\n      <td>-0.064157</td>\n      <td>0.047177</td>\n    </tr>\n    <tr>\n      <th>V</th>\n      <td>0.122737</td>\n      <td>-0.188178</td>\n      <td>-0.925880</td>\n      <td>-0.521313</td>\n      <td>-0.406127</td>\n      <td>-0.761413</td>\n      <td>-0.809327</td>\n      <td>0.307803</td>\n      <td>-0.805664</td>\n      <td>-0.199019</td>\n      <td>-0.330462</td>\n      <td>-0.755143</td>\n      <td>-0.919205</td>\n      <td>-0.638702</td>\n      <td>-1.117753</td>\n      <td>-0.617303</td>\n      <td>-0.204123</td>\n      <td>0.000000</td>\n      <td>-0.914717</td>\n      <td>-0.801795</td>\n    </tr>\n    <tr>\n      <th>W</th>\n      <td>-0.153740</td>\n      <td>-0.051575</td>\n      <td>-0.414390</td>\n      <td>-0.308171</td>\n      <td>-0.199816</td>\n      <td>-1.039825</td>\n      <td>-0.039015</td>\n      <td>-0.121015</td>\n      <td>-0.314064</td>\n      <td>-0.252410</td>\n      <td>-0.429243</td>\n      <td>-0.326967</td>\n      <td>-1.085779</td>\n      <td>-0.026637</td>\n      <td>-0.077310</td>\n      <td>-0.104928</td>\n      <td>-0.150815</td>\n      <td>-0.370212</td>\n      <td>0.000000</td>\n      <td>-0.225545</td>\n    </tr>\n    <tr>\n      <th>Y</th>\n      <td>-0.866431</td>\n      <td>-0.729975</td>\n      <td>-0.761619</td>\n      <td>-1.270060</td>\n      <td>0.182602</td>\n      <td>-1.295045</td>\n      <td>-0.301181</td>\n      <td>-0.918069</td>\n      <td>-1.342734</td>\n      <td>-1.060839</td>\n      <td>-0.890225</td>\n      <td>-0.709365</td>\n      <td>-1.507258</td>\n      <td>-1.233188</td>\n      <td>-1.241636</td>\n      <td>-0.782613</td>\n      <td>-1.168391</td>\n      <td>-0.730769</td>\n      <td>-0.377988</td>\n      <td>0.000000</td>\n    </tr>\n  </tbody>\n</table>\n</div>"
     },
     "execution_count": 10,
     "metadata": {},
     "output_type": "execute_result"
    }
   ],
   "source": [
    "# Da \"mean_scores\" eine Serie ist, muss diese erst wieder in ein Data Frame umgewandelt werden. Dafür müssen den einzelnen Zeilen wieder konkrete Indizes zugewiesen werden, damit wieder ein Data Frame entsteht.\n",
    "mean_scores_df = mean_scores.reset_index()\n",
    "\n",
    "# Pivot erstellt aus unserer in einem Data Frame aufgelisteten Substitutionen ein Data Frame, das in Form einer Tabelle eine Übersicht der Mittelwerte zeigt. Die Reihen sind die alten AS, die Spalten die neuen AS.\n",
    "mean_substitutions = mean_scores_df.pivot(index=\"AS_old\", columns=\"AS_new\", values= \"DMS_score\")\n",
    "dc.rmv_na(mean_substitutions)\n",
    "\n",
    "print(mean_substitutions.columns)"
   ],
   "metadata": {
    "collapsed": false,
    "ExecuteTime": {
     "start_time": "2023-06-23T13:52:38.460081Z",
     "end_time": "2023-06-23T13:52:38.479792Z"
    }
   }
  },
  {
   "cell_type": "markdown",
   "source": [
    "b### Ergänzungen von Frido für Distanzmatrix"
   ],
   "metadata": {
    "collapsed": false
   }
  },
  {
   "cell_type": "code",
   "execution_count": 6,
   "outputs": [
    {
     "data": {
      "text/plain": "AS_old         A         C         D         E         F         G         H  \\\nAS_old                                                                         \nA       0.000000  5.118419  1.001127  0.950791  3.865506  1.093999  1.727396   \nC       5.118419  0.000000  5.157128  5.225621  2.266408  4.671423  4.215585   \nD       1.001127  5.157128  0.000000  0.981280  3.758420  1.082337  1.656670   \nE       0.950791  5.225621  0.981280  0.000000  3.851885  0.958826  1.639293   \nF       3.865506  2.266408  3.758420  3.851885  0.000000  3.462147  2.805199   \nG       1.093999  4.671423  1.082337  0.958826  3.462147  0.000000  1.322393   \nH       1.727396  4.215585  1.656670  1.639293  2.805199  1.322393  0.000000   \nI       5.869602  2.799431  6.041829  5.929282  3.117083  5.478072  5.192499   \nK       1.354001  5.807398  1.354857  1.079586  4.394297  1.584928  2.217342   \nL       1.858657  4.018940  2.016012  1.820398  2.539148  1.630219  1.468733   \nM       1.982457  3.878780  1.948455  1.895125  2.594098  1.579012  1.719725   \nN       1.449749  4.844397  1.268876  1.302363  3.492566  1.216704  1.441529   \nP       0.619728  5.130724  0.886359  0.923046  3.820806  0.958718  1.681892   \nQ       1.422936  6.064423  1.481424  1.366785  4.605781  1.847809  2.346398   \nR       2.382516  3.461968  2.328884  2.307710  2.295875  1.846426  1.849399   \nS       0.879574  5.276711  0.981295  1.034484  3.973795  1.157093  1.679055   \nT       1.428805  4.375534  1.516787  1.386531  3.162375  1.073299  1.373227   \nV       3.844111  2.457430  3.841171  3.846769  1.985099  3.380896  3.283270   \nW       2.678816  3.015105  2.628414  2.680332  2.091920  2.270993  1.932457   \nY       5.224924  2.006232  5.168214  5.261142  2.351548  4.789685  4.188192   \n\nAS_old         I         K         L         M         N         P         Q  \\\nAS_old                                                                         \nA       5.869602  1.354001  1.858657  1.982457  1.449749  0.619728  1.422936   \nC       2.799431  5.807398  4.018940  3.878780  4.844397  5.130724  6.064423   \nD       6.041829  1.354857  2.016012  1.948455  1.268876  0.886359  1.481424   \nE       5.929282  1.079586  1.820398  1.895125  1.302363  0.923046  1.366785   \nF       3.117083  4.394297  2.539148  2.594098  3.492566  3.820806  4.605781   \nG       5.478072  1.584928  1.630219  1.579012  1.216704  0.958718  1.847809   \nH       5.192499  2.217342  1.468733  1.719725  1.441529  1.681892  2.346398   \nI       0.000000  6.404813  4.593600  4.560649  5.714493  5.889325  6.628173   \nK       6.404813  0.000000  2.334108  2.444159  1.628534  1.270695  1.173660   \nL       4.593600  2.334108  0.000000  1.411209  1.904752  1.821470  2.641414   \nM       4.560649  2.444159  1.411209  0.000000  1.708736  1.977489  2.749234   \nN       5.714493  1.628534  1.904752  1.708736  0.000000  1.360297  1.698381   \nP       5.889325  1.270695  1.821470  1.977489  1.360297  0.000000  1.296426   \nQ       6.628173  1.173660  2.641414  2.749234  1.698381  1.296426  0.000000   \nR       4.191128  2.859190  1.651514  1.186636  1.991329  2.223477  3.056467   \nS       6.130616  1.243476  1.970667  2.119863  1.412119  0.569588  1.235255   \nT       5.075546  1.835478  1.508891  1.300202  1.330474  1.399877  2.120157   \nV       2.830290  4.438679  2.683475  2.433833  3.659424  3.876165  4.741112   \nW       4.264680  3.420946  1.860435  1.657435  2.547367  2.725597  3.700534   \nY       3.487852  5.984730  4.185850  4.206093  4.965471  5.251457  6.097839   \n\nAS_old         R         S         T         V         W         Y  \nAS_old                                                              \nA       2.382516  0.879574  1.428805  3.844111  2.678816  5.224924  \nC       3.461968  5.276711  4.375534  2.457430  3.015105  2.006232  \nD       2.328884  0.981295  1.516787  3.841171  2.628414  5.168214  \nE       2.307710  1.034484  1.386531  3.846769  2.680332  5.261142  \nF       2.295875  3.973795  3.162375  1.985099  2.091920  2.351548  \nG       1.846426  1.157093  1.073299  3.380896  2.270993  4.789685  \nH       1.849399  1.679055  1.373227  3.283270  1.932457  4.188192  \nI       4.191128  6.130616  5.075546  2.830290  4.264680  3.487852  \nK       2.859190  1.243476  1.835478  4.438679  3.420946  5.984730  \nL       1.651514  1.970667  1.508891  2.683475  1.860435  4.185850  \nM       1.186636  2.119863  1.300202  2.433833  1.657435  4.206093  \nN       1.991329  1.412119  1.330474  3.659424  2.547367  4.965471  \nP       2.223477  0.569588  1.399877  3.876165  2.725597  5.251457  \nQ       3.056467  1.235255  2.120157  4.741112  3.700534  6.097839  \nR       0.000000  2.412057  1.480730  2.450930  1.552885  3.889725  \nS       2.412057  0.000000  1.535992  4.063649  2.868598  5.435527  \nT       1.480730  1.535992  0.000000  3.108446  2.142796  4.757717  \nV       2.450930  4.063649  3.108446  0.000000  2.189338  2.955542  \nW       1.552885  2.868598  2.142796  2.189338  0.000000  3.131668  \nY       3.889725  5.435527  4.757717  2.955542  3.131668  0.000000  ",
      "text/html": "<div>\n<style scoped>\n    .dataframe tbody tr th:only-of-type {\n        vertical-align: middle;\n    }\n\n    .dataframe tbody tr th {\n        vertical-align: top;\n    }\n\n    .dataframe thead th {\n        text-align: right;\n    }\n</style>\n<table border=\"1\" class=\"dataframe\">\n  <thead>\n    <tr style=\"text-align: right;\">\n      <th>AS_old</th>\n      <th>A</th>\n      <th>C</th>\n      <th>D</th>\n      <th>E</th>\n      <th>F</th>\n      <th>G</th>\n      <th>H</th>\n      <th>I</th>\n      <th>K</th>\n      <th>L</th>\n      <th>M</th>\n      <th>N</th>\n      <th>P</th>\n      <th>Q</th>\n      <th>R</th>\n      <th>S</th>\n      <th>T</th>\n      <th>V</th>\n      <th>W</th>\n      <th>Y</th>\n    </tr>\n    <tr>\n      <th>AS_old</th>\n      <th></th>\n      <th></th>\n      <th></th>\n      <th></th>\n      <th></th>\n      <th></th>\n      <th></th>\n      <th></th>\n      <th></th>\n      <th></th>\n      <th></th>\n      <th></th>\n      <th></th>\n      <th></th>\n      <th></th>\n      <th></th>\n      <th></th>\n      <th></th>\n      <th></th>\n      <th></th>\n    </tr>\n  </thead>\n  <tbody>\n    <tr>\n      <th>A</th>\n      <td>0.000000</td>\n      <td>5.118419</td>\n      <td>1.001127</td>\n      <td>0.950791</td>\n      <td>3.865506</td>\n      <td>1.093999</td>\n      <td>1.727396</td>\n      <td>5.869602</td>\n      <td>1.354001</td>\n      <td>1.858657</td>\n      <td>1.982457</td>\n      <td>1.449749</td>\n      <td>0.619728</td>\n      <td>1.422936</td>\n      <td>2.382516</td>\n      <td>0.879574</td>\n      <td>1.428805</td>\n      <td>3.844111</td>\n      <td>2.678816</td>\n      <td>5.224924</td>\n    </tr>\n    <tr>\n      <th>C</th>\n      <td>5.118419</td>\n      <td>0.000000</td>\n      <td>5.157128</td>\n      <td>5.225621</td>\n      <td>2.266408</td>\n      <td>4.671423</td>\n      <td>4.215585</td>\n      <td>2.799431</td>\n      <td>5.807398</td>\n      <td>4.018940</td>\n      <td>3.878780</td>\n      <td>4.844397</td>\n      <td>5.130724</td>\n      <td>6.064423</td>\n      <td>3.461968</td>\n      <td>5.276711</td>\n      <td>4.375534</td>\n      <td>2.457430</td>\n      <td>3.015105</td>\n      <td>2.006232</td>\n    </tr>\n    <tr>\n      <th>D</th>\n      <td>1.001127</td>\n      <td>5.157128</td>\n      <td>0.000000</td>\n      <td>0.981280</td>\n      <td>3.758420</td>\n      <td>1.082337</td>\n      <td>1.656670</td>\n      <td>6.041829</td>\n      <td>1.354857</td>\n      <td>2.016012</td>\n      <td>1.948455</td>\n      <td>1.268876</td>\n      <td>0.886359</td>\n      <td>1.481424</td>\n      <td>2.328884</td>\n      <td>0.981295</td>\n      <td>1.516787</td>\n      <td>3.841171</td>\n      <td>2.628414</td>\n      <td>5.168214</td>\n    </tr>\n    <tr>\n      <th>E</th>\n      <td>0.950791</td>\n      <td>5.225621</td>\n      <td>0.981280</td>\n      <td>0.000000</td>\n      <td>3.851885</td>\n      <td>0.958826</td>\n      <td>1.639293</td>\n      <td>5.929282</td>\n      <td>1.079586</td>\n      <td>1.820398</td>\n      <td>1.895125</td>\n      <td>1.302363</td>\n      <td>0.923046</td>\n      <td>1.366785</td>\n      <td>2.307710</td>\n      <td>1.034484</td>\n      <td>1.386531</td>\n      <td>3.846769</td>\n      <td>2.680332</td>\n      <td>5.261142</td>\n    </tr>\n    <tr>\n      <th>F</th>\n      <td>3.865506</td>\n      <td>2.266408</td>\n      <td>3.758420</td>\n      <td>3.851885</td>\n      <td>0.000000</td>\n      <td>3.462147</td>\n      <td>2.805199</td>\n      <td>3.117083</td>\n      <td>4.394297</td>\n      <td>2.539148</td>\n      <td>2.594098</td>\n      <td>3.492566</td>\n      <td>3.820806</td>\n      <td>4.605781</td>\n      <td>2.295875</td>\n      <td>3.973795</td>\n      <td>3.162375</td>\n      <td>1.985099</td>\n      <td>2.091920</td>\n      <td>2.351548</td>\n    </tr>\n    <tr>\n      <th>G</th>\n      <td>1.093999</td>\n      <td>4.671423</td>\n      <td>1.082337</td>\n      <td>0.958826</td>\n      <td>3.462147</td>\n      <td>0.000000</td>\n      <td>1.322393</td>\n      <td>5.478072</td>\n      <td>1.584928</td>\n      <td>1.630219</td>\n      <td>1.579012</td>\n      <td>1.216704</td>\n      <td>0.958718</td>\n      <td>1.847809</td>\n      <td>1.846426</td>\n      <td>1.157093</td>\n      <td>1.073299</td>\n      <td>3.380896</td>\n      <td>2.270993</td>\n      <td>4.789685</td>\n    </tr>\n    <tr>\n      <th>H</th>\n      <td>1.727396</td>\n      <td>4.215585</td>\n      <td>1.656670</td>\n      <td>1.639293</td>\n      <td>2.805199</td>\n      <td>1.322393</td>\n      <td>0.000000</td>\n      <td>5.192499</td>\n      <td>2.217342</td>\n      <td>1.468733</td>\n      <td>1.719725</td>\n      <td>1.441529</td>\n      <td>1.681892</td>\n      <td>2.346398</td>\n      <td>1.849399</td>\n      <td>1.679055</td>\n      <td>1.373227</td>\n      <td>3.283270</td>\n      <td>1.932457</td>\n      <td>4.188192</td>\n    </tr>\n    <tr>\n      <th>I</th>\n      <td>5.869602</td>\n      <td>2.799431</td>\n      <td>6.041829</td>\n      <td>5.929282</td>\n      <td>3.117083</td>\n      <td>5.478072</td>\n      <td>5.192499</td>\n      <td>0.000000</td>\n      <td>6.404813</td>\n      <td>4.593600</td>\n      <td>4.560649</td>\n      <td>5.714493</td>\n      <td>5.889325</td>\n      <td>6.628173</td>\n      <td>4.191128</td>\n      <td>6.130616</td>\n      <td>5.075546</td>\n      <td>2.830290</td>\n      <td>4.264680</td>\n      <td>3.487852</td>\n    </tr>\n    <tr>\n      <th>K</th>\n      <td>1.354001</td>\n      <td>5.807398</td>\n      <td>1.354857</td>\n      <td>1.079586</td>\n      <td>4.394297</td>\n      <td>1.584928</td>\n      <td>2.217342</td>\n      <td>6.404813</td>\n      <td>0.000000</td>\n      <td>2.334108</td>\n      <td>2.444159</td>\n      <td>1.628534</td>\n      <td>1.270695</td>\n      <td>1.173660</td>\n      <td>2.859190</td>\n      <td>1.243476</td>\n      <td>1.835478</td>\n      <td>4.438679</td>\n      <td>3.420946</td>\n      <td>5.984730</td>\n    </tr>\n    <tr>\n      <th>L</th>\n      <td>1.858657</td>\n      <td>4.018940</td>\n      <td>2.016012</td>\n      <td>1.820398</td>\n      <td>2.539148</td>\n      <td>1.630219</td>\n      <td>1.468733</td>\n      <td>4.593600</td>\n      <td>2.334108</td>\n      <td>0.000000</td>\n      <td>1.411209</td>\n      <td>1.904752</td>\n      <td>1.821470</td>\n      <td>2.641414</td>\n      <td>1.651514</td>\n      <td>1.970667</td>\n      <td>1.508891</td>\n      <td>2.683475</td>\n      <td>1.860435</td>\n      <td>4.185850</td>\n    </tr>\n    <tr>\n      <th>M</th>\n      <td>1.982457</td>\n      <td>3.878780</td>\n      <td>1.948455</td>\n      <td>1.895125</td>\n      <td>2.594098</td>\n      <td>1.579012</td>\n      <td>1.719725</td>\n      <td>4.560649</td>\n      <td>2.444159</td>\n      <td>1.411209</td>\n      <td>0.000000</td>\n      <td>1.708736</td>\n      <td>1.977489</td>\n      <td>2.749234</td>\n      <td>1.186636</td>\n      <td>2.119863</td>\n      <td>1.300202</td>\n      <td>2.433833</td>\n      <td>1.657435</td>\n      <td>4.206093</td>\n    </tr>\n    <tr>\n      <th>N</th>\n      <td>1.449749</td>\n      <td>4.844397</td>\n      <td>1.268876</td>\n      <td>1.302363</td>\n      <td>3.492566</td>\n      <td>1.216704</td>\n      <td>1.441529</td>\n      <td>5.714493</td>\n      <td>1.628534</td>\n      <td>1.904752</td>\n      <td>1.708736</td>\n      <td>0.000000</td>\n      <td>1.360297</td>\n      <td>1.698381</td>\n      <td>1.991329</td>\n      <td>1.412119</td>\n      <td>1.330474</td>\n      <td>3.659424</td>\n      <td>2.547367</td>\n      <td>4.965471</td>\n    </tr>\n    <tr>\n      <th>P</th>\n      <td>0.619728</td>\n      <td>5.130724</td>\n      <td>0.886359</td>\n      <td>0.923046</td>\n      <td>3.820806</td>\n      <td>0.958718</td>\n      <td>1.681892</td>\n      <td>5.889325</td>\n      <td>1.270695</td>\n      <td>1.821470</td>\n      <td>1.977489</td>\n      <td>1.360297</td>\n      <td>0.000000</td>\n      <td>1.296426</td>\n      <td>2.223477</td>\n      <td>0.569588</td>\n      <td>1.399877</td>\n      <td>3.876165</td>\n      <td>2.725597</td>\n      <td>5.251457</td>\n    </tr>\n    <tr>\n      <th>Q</th>\n      <td>1.422936</td>\n      <td>6.064423</td>\n      <td>1.481424</td>\n      <td>1.366785</td>\n      <td>4.605781</td>\n      <td>1.847809</td>\n      <td>2.346398</td>\n      <td>6.628173</td>\n      <td>1.173660</td>\n      <td>2.641414</td>\n      <td>2.749234</td>\n      <td>1.698381</td>\n      <td>1.296426</td>\n      <td>0.000000</td>\n      <td>3.056467</td>\n      <td>1.235255</td>\n      <td>2.120157</td>\n      <td>4.741112</td>\n      <td>3.700534</td>\n      <td>6.097839</td>\n    </tr>\n    <tr>\n      <th>R</th>\n      <td>2.382516</td>\n      <td>3.461968</td>\n      <td>2.328884</td>\n      <td>2.307710</td>\n      <td>2.295875</td>\n      <td>1.846426</td>\n      <td>1.849399</td>\n      <td>4.191128</td>\n      <td>2.859190</td>\n      <td>1.651514</td>\n      <td>1.186636</td>\n      <td>1.991329</td>\n      <td>2.223477</td>\n      <td>3.056467</td>\n      <td>0.000000</td>\n      <td>2.412057</td>\n      <td>1.480730</td>\n      <td>2.450930</td>\n      <td>1.552885</td>\n      <td>3.889725</td>\n    </tr>\n    <tr>\n      <th>S</th>\n      <td>0.879574</td>\n      <td>5.276711</td>\n      <td>0.981295</td>\n      <td>1.034484</td>\n      <td>3.973795</td>\n      <td>1.157093</td>\n      <td>1.679055</td>\n      <td>6.130616</td>\n      <td>1.243476</td>\n      <td>1.970667</td>\n      <td>2.119863</td>\n      <td>1.412119</td>\n      <td>0.569588</td>\n      <td>1.235255</td>\n      <td>2.412057</td>\n      <td>0.000000</td>\n      <td>1.535992</td>\n      <td>4.063649</td>\n      <td>2.868598</td>\n      <td>5.435527</td>\n    </tr>\n    <tr>\n      <th>T</th>\n      <td>1.428805</td>\n      <td>4.375534</td>\n      <td>1.516787</td>\n      <td>1.386531</td>\n      <td>3.162375</td>\n      <td>1.073299</td>\n      <td>1.373227</td>\n      <td>5.075546</td>\n      <td>1.835478</td>\n      <td>1.508891</td>\n      <td>1.300202</td>\n      <td>1.330474</td>\n      <td>1.399877</td>\n      <td>2.120157</td>\n      <td>1.480730</td>\n      <td>1.535992</td>\n      <td>0.000000</td>\n      <td>3.108446</td>\n      <td>2.142796</td>\n      <td>4.757717</td>\n    </tr>\n    <tr>\n      <th>V</th>\n      <td>3.844111</td>\n      <td>2.457430</td>\n      <td>3.841171</td>\n      <td>3.846769</td>\n      <td>1.985099</td>\n      <td>3.380896</td>\n      <td>3.283270</td>\n      <td>2.830290</td>\n      <td>4.438679</td>\n      <td>2.683475</td>\n      <td>2.433833</td>\n      <td>3.659424</td>\n      <td>3.876165</td>\n      <td>4.741112</td>\n      <td>2.450930</td>\n      <td>4.063649</td>\n      <td>3.108446</td>\n      <td>0.000000</td>\n      <td>2.189338</td>\n      <td>2.955542</td>\n    </tr>\n    <tr>\n      <th>W</th>\n      <td>2.678816</td>\n      <td>3.015105</td>\n      <td>2.628414</td>\n      <td>2.680332</td>\n      <td>2.091920</td>\n      <td>2.270993</td>\n      <td>1.932457</td>\n      <td>4.264680</td>\n      <td>3.420946</td>\n      <td>1.860435</td>\n      <td>1.657435</td>\n      <td>2.547367</td>\n      <td>2.725597</td>\n      <td>3.700534</td>\n      <td>1.552885</td>\n      <td>2.868598</td>\n      <td>2.142796</td>\n      <td>2.189338</td>\n      <td>0.000000</td>\n      <td>3.131668</td>\n    </tr>\n    <tr>\n      <th>Y</th>\n      <td>5.224924</td>\n      <td>2.006232</td>\n      <td>5.168214</td>\n      <td>5.261142</td>\n      <td>2.351548</td>\n      <td>4.789685</td>\n      <td>4.188192</td>\n      <td>3.487852</td>\n      <td>5.984730</td>\n      <td>4.185850</td>\n      <td>4.206093</td>\n      <td>4.965471</td>\n      <td>5.251457</td>\n      <td>6.097839</td>\n      <td>3.889725</td>\n      <td>5.435527</td>\n      <td>4.757717</td>\n      <td>2.955542</td>\n      <td>3.131668</td>\n      <td>0.000000</td>\n    </tr>\n  </tbody>\n</table>\n</div>"
     },
     "execution_count": 6,
     "metadata": {},
     "output_type": "execute_result"
    }
   ],
   "source": [
    "mean_substitutions.head(20)\n",
    "\n",
    "de.dms_distance_matrix(mean_substitutions)"
   ],
   "metadata": {
    "collapsed": false,
    "ExecuteTime": {
     "start_time": "2023-06-23T13:52:00.672887Z",
     "end_time": "2023-06-23T13:52:00.679447Z"
    }
   }
  },
  {
   "cell_type": "code",
   "execution_count": 25,
   "outputs": [
    {
     "data": {
