{
 "cells": [
  {
   "cell_type": "markdown",
   "source": [
    "#### K-Means\n",
    "In this notebook, we had our first tries of implementing a K-Means clustering and then visualizing it. However, this did not really work out in the end. We started all over again in \"K-Means_take2.ipynb\". However, we also did a first pca analysis and got ideas for the visualization we later used on the data that we used pca and hierarchical clustering on."
   ],
   "metadata": {
    "collapsed": false
   }
  },
  {
   "cell_type": "code",
   "execution_count": 21,
   "metadata": {
    "collapsed": true,
    "ExecuteTime": {
     "end_time": "2023-07-03T20:50:46.436463600Z",
     "start_time": "2023-07-03T20:50:46.304457400Z"
    }
   },
   "outputs": [
    {
     "ename": "AxisError",
     "evalue": "axis 1 is out of bounds for array of dimension 1",
     "output_type": "error",
     "traceback": [
      "\u001B[1;31m---------------------------------------------------------------------------\u001B[0m",
      "\u001B[1;31mAxisError\u001B[0m                                 Traceback (most recent call last)",
      "Cell \u001B[1;32mIn[21], line 25\u001B[0m\n\u001B[0;32m     21\u001B[0m     labels \u001B[38;5;241m=\u001B[39m np\u001B[38;5;241m.\u001B[39margmin(eucl, axis\u001B[38;5;241m=\u001B[39m\u001B[38;5;241m0\u001B[39m)\n\u001B[0;32m     22\u001B[0m     \u001B[38;5;28;01mreturn\u001B[39;00m labels\n\u001B[1;32m---> 25\u001B[0m \u001B[43mcalc_distance\u001B[49m\u001B[43m(\u001B[49m\u001B[43mdata\u001B[49m\u001B[43m,\u001B[49m\u001B[43m \u001B[49m\u001B[38;5;241;43m3\u001B[39;49m\u001B[43m)\u001B[49m\n",
      "Cell \u001B[1;32mIn[21], line 16\u001B[0m, in \u001B[0;36mcalc_distance\u001B[1;34m(data, centers)\u001B[0m\n\u001B[0;32m     15\u001B[0m \u001B[38;5;28;01mdef\u001B[39;00m \u001B[38;5;21mcalc_distance\u001B[39m(data, centers):\n\u001B[1;32m---> 16\u001B[0m     clusters \u001B[38;5;241m=\u001B[39m \u001B[43mnp\u001B[49m\u001B[38;5;241;43m.\u001B[39;49m\u001B[43mexpand_dims\u001B[49m\u001B[43m(\u001B[49m\u001B[43mcenters\u001B[49m\u001B[43m,\u001B[49m\u001B[43m \u001B[49m\u001B[43maxis\u001B[49m\u001B[38;5;241;43m=\u001B[39;49m\u001B[38;5;241;43m1\u001B[39;49m\u001B[43m)\u001B[49m\n\u001B[0;32m     17\u001B[0m     data \u001B[38;5;241m=\u001B[39m np\u001B[38;5;241m.\u001B[39mexpand_dims(data, axis\u001B[38;5;241m=\u001B[39m\u001B[38;5;241m0\u001B[39m)\n\u001B[0;32m     19\u001B[0m     eucl \u001B[38;5;241m=\u001B[39m np\u001B[38;5;241m.\u001B[39mlinalg\u001B[38;5;241m.\u001B[39mnorm(clusters \u001B[38;5;241m-\u001B[39m data, axis\u001B[38;5;241m=\u001B[39m\u001B[38;5;241m2\u001B[39m)\n",
      "File \u001B[1;32m<__array_function__ internals>:180\u001B[0m, in \u001B[0;36mexpand_dims\u001B[1;34m(*args, **kwargs)\u001B[0m\n",
      "File \u001B[1;32m~\\anaconda3\\envs\\dms\\lib\\site-packages\\numpy\\lib\\shape_base.py:597\u001B[0m, in \u001B[0;36mexpand_dims\u001B[1;34m(a, axis)\u001B[0m\n\u001B[0;32m    594\u001B[0m     axis \u001B[38;5;241m=\u001B[39m (axis,)\n\u001B[0;32m    596\u001B[0m out_ndim \u001B[38;5;241m=\u001B[39m \u001B[38;5;28mlen\u001B[39m(axis) \u001B[38;5;241m+\u001B[39m a\u001B[38;5;241m.\u001B[39mndim\n\u001B[1;32m--> 597\u001B[0m axis \u001B[38;5;241m=\u001B[39m \u001B[43mnormalize_axis_tuple\u001B[49m\u001B[43m(\u001B[49m\u001B[43maxis\u001B[49m\u001B[43m,\u001B[49m\u001B[43m \u001B[49m\u001B[43mout_ndim\u001B[49m\u001B[43m)\u001B[49m\n\u001B[0;32m    599\u001B[0m shape_it \u001B[38;5;241m=\u001B[39m \u001B[38;5;28miter\u001B[39m(a\u001B[38;5;241m.\u001B[39mshape)\n\u001B[0;32m    600\u001B[0m shape \u001B[38;5;241m=\u001B[39m [\u001B[38;5;241m1\u001B[39m \u001B[38;5;28;01mif\u001B[39;00m ax \u001B[38;5;129;01min\u001B[39;00m axis \u001B[38;5;28;01melse\u001B[39;00m \u001B[38;5;28mnext\u001B[39m(shape_it) \u001B[38;5;28;01mfor\u001B[39;00m ax \u001B[38;5;129;01min\u001B[39;00m \u001B[38;5;28mrange\u001B[39m(out_ndim)]\n",
      "File \u001B[1;32m~\\anaconda3\\envs\\dms\\lib\\site-packages\\numpy\\core\\numeric.py:1397\u001B[0m, in \u001B[0;36mnormalize_axis_tuple\u001B[1;34m(axis, ndim, argname, allow_duplicate)\u001B[0m\n\u001B[0;32m   1395\u001B[0m         \u001B[38;5;28;01mpass\u001B[39;00m\n\u001B[0;32m   1396\u001B[0m \u001B[38;5;66;03m# Going via an iterator directly is slower than via list comprehension.\u001B[39;00m\n\u001B[1;32m-> 1397\u001B[0m axis \u001B[38;5;241m=\u001B[39m \u001B[38;5;28mtuple\u001B[39m([normalize_axis_index(ax, ndim, argname) \u001B[38;5;28;01mfor\u001B[39;00m ax \u001B[38;5;129;01min\u001B[39;00m axis])\n\u001B[0;32m   1398\u001B[0m \u001B[38;5;28;01mif\u001B[39;00m \u001B[38;5;129;01mnot\u001B[39;00m allow_duplicate \u001B[38;5;129;01mand\u001B[39;00m \u001B[38;5;28mlen\u001B[39m(\u001B[38;5;28mset\u001B[39m(axis)) \u001B[38;5;241m!=\u001B[39m \u001B[38;5;28mlen\u001B[39m(axis):\n\u001B[0;32m   1399\u001B[0m     \u001B[38;5;28;01mif\u001B[39;00m argname:\n",
      "File \u001B[1;32m~\\anaconda3\\envs\\dms\\lib\\site-packages\\numpy\\core\\numeric.py:1397\u001B[0m, in \u001B[0;36m<listcomp>\u001B[1;34m(.0)\u001B[0m\n\u001B[0;32m   1395\u001B[0m         \u001B[38;5;28;01mpass\u001B[39;00m\n\u001B[0;32m   1396\u001B[0m \u001B[38;5;66;03m# Going via an iterator directly is slower than via list comprehension.\u001B[39;00m\n\u001B[1;32m-> 1397\u001B[0m axis \u001B[38;5;241m=\u001B[39m \u001B[38;5;28mtuple\u001B[39m([\u001B[43mnormalize_axis_index\u001B[49m\u001B[43m(\u001B[49m\u001B[43max\u001B[49m\u001B[43m,\u001B[49m\u001B[43m \u001B[49m\u001B[43mndim\u001B[49m\u001B[43m,\u001B[49m\u001B[43m \u001B[49m\u001B[43margname\u001B[49m\u001B[43m)\u001B[49m \u001B[38;5;28;01mfor\u001B[39;00m ax \u001B[38;5;129;01min\u001B[39;00m axis])\n\u001B[0;32m   1398\u001B[0m \u001B[38;5;28;01mif\u001B[39;00m \u001B[38;5;129;01mnot\u001B[39;00m allow_duplicate \u001B[38;5;129;01mand\u001B[39;00m \u001B[38;5;28mlen\u001B[39m(\u001B[38;5;28mset\u001B[39m(axis)) \u001B[38;5;241m!=\u001B[39m \u001B[38;5;28mlen\u001B[39m(axis):\n\u001B[0;32m   1399\u001B[0m     \u001B[38;5;28;01mif\u001B[39;00m argname:\n",
      "\u001B[1;31mAxisError\u001B[0m: axis 1 is out of bounds for array of dimension 1"
     ]
    }
   ],
   "source": [
    "# copied code from \"Python_Intro.html\" in folder \"Tutorien\n",
    "#... starts at iteration 103\n",
    "import numpy as np\n",
    "\n",
    "data = np.random.randint(0, 101, (100, 2))\n",
    "centers = np.random.randint(0, 101, (4, 2))\n",
    "clusters = np.expand_dims(centers, axis=1)\n",
    "data = np.expand_dims(data, axis=0)\n",
    "\n",
    "eucl = np.linalg.norm(clusters - data, axis=2)\n",
    "\n",
    "labels = np.argmin(eucl, axis=0)\n",
    "\n",
    "\n",
    "def calc_distance(data, centers):\n",
    "    clusters = np.expand_dims(centers, axis=1)\n",
    "    data = np.expand_dims(data, axis=0)\n",
    "\n",
    "    eucl = np.linalg.norm(clusters - data, axis=2)\n",
    "\n",
    "    labels = np.argmin(eucl, axis=0)\n",
    "    return labels\n",
    "\n",
    "\n",
    "calc_distance(data, 3)"
   ]
  },
  {
   "cell_type": "code",
   "execution_count": 8,
   "outputs": [],
   "source": [
    "# trying to implement k-means with scikit learn library\n",
    "from sklearn.cluster import KMeans\n",
    "from sklearn import metrics\n",
    "from sklearn.pipeline import make_pipeline\n",
    "from sklearn.preprocessing import StandardScaler\n",
    "from time import time\n",
    "\n",
    "import pandas as pd\n",
    "import data_exploration as de\n",
    "import data_cleanup as dc"
   ],
   "metadata": {
    "collapsed": false,
    "ExecuteTime": {
     "end_time": "2023-07-03T20:45:46.923681900Z",
     "start_time": "2023-07-03T20:45:46.907981Z"
    }
   }
  },
  {
   "cell_type": "code",
   "execution_count": 3,
   "outputs": [
    {
     "data": {
      "text/plain": "AS_old         A         C         D         E         F         G         H  \\\nAS_old                                                                         \nA       0.000000  1.845023  0.377937  0.422263  0.484488  0.453102  0.885071   \nC       1.845023  0.000000  1.739546  1.693797  1.568963  1.592610  1.195729   \nD       0.377937  1.739546  0.000000  0.355713  0.436921  0.451473  0.787570   \nE       0.422263  1.693797  0.355713  0.000000  0.411267  0.418142  0.699191   \nF       0.484488  1.568963  0.436921  0.411267  0.000000  0.360663  0.557544   \nG       0.453102  1.592610  0.451473  0.418142  0.360663  0.000000  0.659749   \nH       0.885071  1.195729  0.787570  0.699191  0.557544  0.659749  0.000000   \nI       1.315256  0.893504  1.179766  1.144296  1.053084  1.109575  0.756021   \nK       0.450027  2.124593  0.478785  0.631467  0.725772  0.688432  1.138538   \nL       0.319937  1.716395  0.292915  0.316790  0.425806  0.402772  0.772620   \nM       0.647783  1.332638  0.587418  0.551906  0.483683  0.511603  0.492955   \nN       0.579572  1.456023  0.604502  0.503716  0.490412  0.458746  0.602867   \nP       0.376269  1.723635  0.370503  0.360214  0.384107  0.404120  0.752086   \nQ       0.303319  1.877115  0.396478  0.427622  0.530136  0.410635  0.932305   \nR       0.615500  1.411988  0.585682  0.538216  0.444300  0.519944  0.591549   \nS       0.382538  1.696741  0.333661  0.277137  0.430056  0.370723  0.743994   \nT       0.532855  1.529327  0.418055  0.355378  0.385896  0.379697  0.604865   \nV       1.383635  0.776950  1.256460  1.200096  1.095778  1.143112  0.816655   \nW       0.474408  1.679513  0.420888  0.402335  0.308844  0.489493  0.681989   \nY       1.654408  0.862319  1.565089  1.474623  1.303579  1.403907  0.986374   \n\nAS_old         I         K         L         M         N         P         Q  \\\nAS_old                                                                         \nA       1.315256  0.450027  0.319937  0.647783  0.579572  0.376269  0.303319   \nC       0.893504  2.124593  1.716395  1.332638  1.456023  1.723635  1.877115   \nD       1.179766  0.478785  0.292915  0.587418  0.604502  0.370503  0.396478   \nE       1.144296  0.631467  0.316790  0.551906  0.503716  0.360214  0.427622   \nF       1.053084  0.725772  0.425806  0.483683  0.490412  0.384107  0.530136   \nG       1.109575  0.688432  0.402772  0.511603  0.458746  0.404120  0.410635   \nH       0.756021  1.138538  0.772620  0.492955  0.602867  0.752086  0.932305   \nI       0.000000  1.560230  1.125003  0.826347  1.008605  1.185265  1.345954   \nK       1.560230  0.000000  0.541761  0.949036  0.928907  0.554754  0.464411   \nL       1.125003  0.541761  0.000000  0.572762  0.519740  0.369675  0.394939   \nM       0.826347  0.949036  0.572762  0.000000  0.501798  0.571707  0.678155   \nN       1.008605  0.928907  0.519740  0.501798  0.000000  0.576200  0.627439   \nP       1.185265  0.554754  0.369675  0.571707  0.576200  0.000000  0.410122   \nQ       1.345954  0.464411  0.394939  0.678155  0.627439  0.410122  0.000000   \nR       0.898532  0.937452  0.544512  0.411414  0.338219  0.563475  0.705152   \nS       1.170509  0.554908  0.321409  0.584640  0.474905  0.349089  0.394980   \nT       1.012057  0.743065  0.409099  0.469271  0.434238  0.454267  0.515261   \nV       0.527745  1.612262  1.212038  0.916607  1.014060  1.208011  1.380806   \nW       1.109897  0.649373  0.374314  0.625049  0.591486  0.425722  0.521980   \nY       0.819301  1.912586  1.496523  1.227827  1.301236  1.518396  1.676351   \n\nAS_old         R         S         T         V         W         Y  \nAS_old                                                              \nA       0.615500  0.382538  0.532855  1.383635  0.474408  1.654408  \nC       1.411988  1.696741  1.529327  0.776950  1.679513  0.862319  \nD       0.585682  0.333661  0.418055  1.256460  0.420888  1.565089  \nE       0.538216  0.277137  0.355378  1.200096  0.402335  1.474623  \nF       0.444300  0.430056  0.385896  1.095778  0.308844  1.303579  \nG       0.519944  0.370723  0.379697  1.143112  0.489493  1.403907  \nH       0.591549  0.743994  0.604865  0.816655  0.681989  0.986374  \nI       0.898532  1.170509  1.012057  0.527745  1.109897  0.819301  \nK       0.937452  0.554908  0.743065  1.612262  0.649373  1.912586  \nL       0.544512  0.321409  0.409099  1.212038  0.374314  1.496523  \nM       0.411414  0.584640  0.469271  0.916607  0.625049  1.227827  \nN       0.338219  0.474905  0.434238  1.014060  0.591486  1.301236  \nP       0.563475  0.349089  0.454267  1.208011  0.425722  1.518396  \nQ       0.705152  0.394980  0.515261  1.380806  0.521980  1.676351  \nR       0.000000  0.512081  0.436648  0.959603  0.565894  1.243503  \nS       0.512081  0.000000  0.372986  1.207539  0.416941  1.493415  \nT       0.436648  0.372986  0.000000  1.035909  0.420829  1.337322  \nV       0.959603  1.207539  1.035909  0.000000  1.179253  0.834440  \nW       0.565894  0.416941  0.420829  1.179253  0.000000  1.348876  \nY       1.243503  1.493415  1.337322  0.834440  1.348876  0.000000  ",
      "text/html": "<div>\n<style scoped>\n    .dataframe tbody tr th:only-of-type {\n        vertical-align: middle;\n    }\n\n    .dataframe tbody tr th {\n        vertical-align: top;\n    }\n\n    .dataframe thead th {\n        text-align: right;\n    }\n</style>\n<table border=\"1\" class=\"dataframe\">\n  <thead>\n    <tr style=\"text-align: right;\">\n      <th>AS_old</th>\n      <th>A</th>\n      <th>C</th>\n      <th>D</th>\n      <th>E</th>\n      <th>F</th>\n      <th>G</th>\n      <th>H</th>\n      <th>I</th>\n      <th>K</th>\n      <th>L</th>\n      <th>M</th>\n      <th>N</th>\n      <th>P</th>\n      <th>Q</th>\n      <th>R</th>\n      <th>S</th>\n      <th>T</th>\n      <th>V</th>\n      <th>W</th>\n      <th>Y</th>\n    </tr>\n    <tr>\n      <th>AS_old</th>\n      <th></th>\n      <th></th>\n      <th></th>\n      <th></th>\n      <th></th>\n      <th></th>\n      <th></th>\n      <th></th>\n      <th></th>\n      <th></th>\n      <th></th>\n      <th></th>\n      <th></th>\n      <th></th>\n      <th></th>\n      <th></th>\n      <th></th>\n      <th></th>\n      <th></th>\n      <th></th>\n    </tr>\n  </thead>\n  <tbody>\n    <tr>\n      <th>A</th>\n      <td>0.000000</td>\n      <td>1.845023</td>\n      <td>0.377937</td>\n      <td>0.422263</td>\n      <td>0.484488</td>\n      <td>0.453102</td>\n      <td>0.885071</td>\n      <td>1.315256</td>\n      <td>0.450027</td>\n      <td>0.319937</td>\n      <td>0.647783</td>\n      <td>0.579572</td>\n      <td>0.376269</td>\n      <td>0.303319</td>\n      <td>0.615500</td>\n      <td>0.382538</td>\n      <td>0.532855</td>\n      <td>1.383635</td>\n      <td>0.474408</td>\n      <td>1.654408</td>\n    </tr>\n    <tr>\n      <th>C</th>\n      <td>1.845023</td>\n      <td>0.000000</td>\n      <td>1.739546</td>\n      <td>1.693797</td>\n      <td>1.568963</td>\n      <td>1.592610</td>\n      <td>1.195729</td>\n      <td>0.893504</td>\n      <td>2.124593</td>\n      <td>1.716395</td>\n      <td>1.332638</td>\n      <td>1.456023</td>\n      <td>1.723635</td>\n      <td>1.877115</td>\n      <td>1.411988</td>\n      <td>1.696741</td>\n      <td>1.529327</td>\n      <td>0.776950</td>\n      <td>1.679513</td>\n      <td>0.862319</td>\n    </tr>\n    <tr>\n      <th>D</th>\n      <td>0.377937</td>\n      <td>1.739546</td>\n      <td>0.000000</td>\n      <td>0.355713</td>\n      <td>0.436921</td>\n      <td>0.451473</td>\n      <td>0.787570</td>\n      <td>1.179766</td>\n      <td>0.478785</td>\n      <td>0.292915</td>\n      <td>0.587418</td>\n      <td>0.604502</td>\n      <td>0.370503</td>\n      <td>0.396478</td>\n      <td>0.585682</td>\n      <td>0.333661</td>\n      <td>0.418055</td>\n      <td>1.256460</td>\n      <td>0.420888</td>\n      <td>1.565089</td>\n    </tr>\n    <tr>\n      <th>E</th>\n      <td>0.422263</td>\n      <td>1.693797</td>\n      <td>0.355713</td>\n      <td>0.000000</td>\n      <td>0.411267</td>\n      <td>0.418142</td>\n      <td>0.699191</td>\n      <td>1.144296</td>\n      <td>0.631467</td>\n      <td>0.316790</td>\n      <td>0.551906</td>\n      <td>0.503716</td>\n      <td>0.360214</td>\n      <td>0.427622</td>\n      <td>0.538216</td>\n      <td>0.277137</td>\n      <td>0.355378</td>\n      <td>1.200096</td>\n      <td>0.402335</td>\n      <td>1.474623</td>\n    </tr>\n    <tr>\n      <th>F</th>\n      <td>0.484488</td>\n      <td>1.568963</td>\n      <td>0.436921</td>\n      <td>0.411267</td>\n      <td>0.000000</td>\n      <td>0.360663</td>\n      <td>0.557544</td>\n      <td>1.053084</td>\n      <td>0.725772</td>\n      <td>0.425806</td>\n      <td>0.483683</td>\n      <td>0.490412</td>\n      <td>0.384107</td>\n      <td>0.530136</td>\n      <td>0.444300</td>\n      <td>0.430056</td>\n      <td>0.385896</td>\n      <td>1.095778</td>\n      <td>0.308844</td>\n      <td>1.303579</td>\n    </tr>\n    <tr>\n      <th>G</th>\n      <td>0.453102</td>\n      <td>1.592610</td>\n      <td>0.451473</td>\n      <td>0.418142</td>\n      <td>0.360663</td>\n      <td>0.000000</td>\n      <td>0.659749</td>\n      <td>1.109575</td>\n      <td>0.688432</td>\n      <td>0.402772</td>\n      <td>0.511603</td>\n      <td>0.458746</td>\n      <td>0.404120</td>\n      <td>0.410635</td>\n      <td>0.519944</td>\n      <td>0.370723</td>\n      <td>0.379697</td>\n      <td>1.143112</td>\n      <td>0.489493</td>\n      <td>1.403907</td>\n    </tr>\n    <tr>\n      <th>H</th>\n      <td>0.885071</td>\n      <td>1.195729</td>\n      <td>0.787570</td>\n      <td>0.699191</td>\n      <td>0.557544</td>\n      <td>0.659749</td>\n      <td>0.000000</td>\n      <td>0.756021</td>\n      <td>1.138538</td>\n      <td>0.772620</td>\n      <td>0.492955</td>\n      <td>0.602867</td>\n      <td>0.752086</td>\n      <td>0.932305</td>\n      <td>0.591549</td>\n      <td>0.743994</td>\n      <td>0.604865</td>\n      <td>0.816655</td>\n      <td>0.681989</td>\n      <td>0.986374</td>\n    </tr>\n    <tr>\n      <th>I</th>\n      <td>1.315256</td>\n      <td>0.893504</td>\n      <td>1.179766</td>\n      <td>1.144296</td>\n      <td>1.053084</td>\n      <td>1.109575</td>\n      <td>0.756021</td>\n      <td>0.000000</td>\n      <td>1.560230</td>\n      <td>1.125003</td>\n      <td>0.826347</td>\n      <td>1.008605</td>\n      <td>1.185265</td>\n      <td>1.345954</td>\n      <td>0.898532</td>\n      <td>1.170509</td>\n      <td>1.012057</td>\n      <td>0.527745</td>\n      <td>1.109897</td>\n      <td>0.819301</td>\n    </tr>\n    <tr>\n      <th>K</th>\n      <td>0.450027</td>\n      <td>2.124593</td>\n      <td>0.478785</td>\n      <td>0.631467</td>\n      <td>0.725772</td>\n      <td>0.688432</td>\n      <td>1.138538</td>\n      <td>1.560230</td>\n      <td>0.000000</td>\n      <td>0.541761</td>\n      <td>0.949036</td>\n      <td>0.928907</td>\n      <td>0.554754</td>\n      <td>0.464411</td>\n      <td>0.937452</td>\n      <td>0.554908</td>\n      <td>0.743065</td>\n      <td>1.612262</td>\n      <td>0.649373</td>\n      <td>1.912586</td>\n    </tr>\n    <tr>\n      <th>L</th>\n      <td>0.319937</td>\n      <td>1.716395</td>\n      <td>0.292915</td>\n      <td>0.316790</td>\n      <td>0.425806</td>\n      <td>0.402772</td>\n      <td>0.772620</td>\n      <td>1.125003</td>\n      <td>0.541761</td>\n      <td>0.000000</td>\n      <td>0.572762</td>\n      <td>0.519740</td>\n      <td>0.369675</td>\n      <td>0.394939</td>\n      <td>0.544512</td>\n      <td>0.321409</td>\n      <td>0.409099</td>\n      <td>1.212038</td>\n      <td>0.374314</td>\n      <td>1.496523</td>\n    </tr>\n    <tr>\n      <th>M</th>\n      <td>0.647783</td>\n      <td>1.332638</td>\n      <td>0.587418</td>\n      <td>0.551906</td>\n      <td>0.483683</td>\n      <td>0.511603</td>\n      <td>0.492955</td>\n      <td>0.826347</td>\n      <td>0.949036</td>\n      <td>0.572762</td>\n      <td>0.000000</td>\n      <td>0.501798</td>\n      <td>0.571707</td>\n      <td>0.678155</td>\n      <td>0.411414</td>\n      <td>0.584640</td>\n      <td>0.469271</td>\n      <td>0.916607</td>\n      <td>0.625049</td>\n      <td>1.227827</td>\n    </tr>\n    <tr>\n      <th>N</th>\n      <td>0.579572</td>\n      <td>1.456023</td>\n      <td>0.604502</td>\n      <td>0.503716</td>\n      <td>0.490412</td>\n      <td>0.458746</td>\n      <td>0.602867</td>\n      <td>1.008605</td>\n      <td>0.928907</td>\n      <td>0.519740</td>\n      <td>0.501798</td>\n      <td>0.000000</td>\n      <td>0.576200</td>\n      <td>0.627439</td>\n      <td>0.338219</td>\n      <td>0.474905</td>\n      <td>0.434238</td>\n      <td>1.014060</td>\n      <td>0.591486</td>\n      <td>1.301236</td>\n    </tr>\n    <tr>\n      <th>P</th>\n      <td>0.376269</td>\n      <td>1.723635</td>\n      <td>0.370503</td>\n      <td>0.360214</td>\n      <td>0.384107</td>\n      <td>0.404120</td>\n      <td>0.752086</td>\n      <td>1.185265</td>\n      <td>0.554754</td>\n      <td>0.369675</td>\n      <td>0.571707</td>\n      <td>0.576200</td>\n      <td>0.000000</td>\n      <td>0.410122</td>\n      <td>0.563475</td>\n      <td>0.349089</td>\n      <td>0.454267</td>\n      <td>1.208011</td>\n      <td>0.425722</td>\n      <td>1.518396</td>\n    </tr>\n    <tr>\n      <th>Q</th>\n      <td>0.303319</td>\n      <td>1.877115</td>\n      <td>0.396478</td>\n      <td>0.427622</td>\n      <td>0.530136</td>\n      <td>0.410635</td>\n      <td>0.932305</td>\n      <td>1.345954</td>\n      <td>0.464411</td>\n      <td>0.394939</td>\n      <td>0.678155</td>\n      <td>0.627439</td>\n      <td>0.410122</td>\n      <td>0.000000</td>\n      <td>0.705152</td>\n      <td>0.394980</td>\n      <td>0.515261</td>\n      <td>1.380806</td>\n      <td>0.521980</td>\n      <td>1.676351</td>\n    </tr>\n    <tr>\n      <th>R</th>\n      <td>0.615500</td>\n      <td>1.411988</td>\n      <td>0.585682</td>\n      <td>0.538216</td>\n      <td>0.444300</td>\n      <td>0.519944</td>\n      <td>0.591549</td>\n      <td>0.898532</td>\n      <td>0.937452</td>\n      <td>0.544512</td>\n      <td>0.411414</td>\n      <td>0.338219</td>\n      <td>0.563475</td>\n      <td>0.705152</td>\n      <td>0.000000</td>\n      <td>0.512081</td>\n      <td>0.436648</td>\n      <td>0.959603</td>\n      <td>0.565894</td>\n      <td>1.243503</td>\n    </tr>\n    <tr>\n      <th>S</th>\n      <td>0.382538</td>\n      <td>1.696741</td>\n      <td>0.333661</td>\n      <td>0.277137</td>\n      <td>0.430056</td>\n      <td>0.370723</td>\n      <td>0.743994</td>\n      <td>1.170509</td>\n      <td>0.554908</td>\n      <td>0.321409</td>\n      <td>0.584640</td>\n      <td>0.474905</td>\n      <td>0.349089</td>\n      <td>0.394980</td>\n      <td>0.512081</td>\n      <td>0.000000</td>\n      <td>0.372986</td>\n      <td>1.207539</td>\n      <td>0.416941</td>\n      <td>1.493415</td>\n    </tr>\n    <tr>\n      <th>T</th>\n      <td>0.532855</td>\n      <td>1.529327</td>\n      <td>0.418055</td>\n      <td>0.355378</td>\n      <td>0.385896</td>\n      <td>0.379697</td>\n      <td>0.604865</td>\n      <td>1.012057</td>\n      <td>0.743065</td>\n      <td>0.409099</td>\n      <td>0.469271</td>\n      <td>0.434238</td>\n      <td>0.454267</td>\n      <td>0.515261</td>\n      <td>0.436648</td>\n      <td>0.372986</td>\n      <td>0.000000</td>\n      <td>1.035909</td>\n      <td>0.420829</td>\n      <td>1.337322</td>\n    </tr>\n    <tr>\n      <th>V</th>\n      <td>1.383635</td>\n      <td>0.776950</td>\n      <td>1.256460</td>\n      <td>1.200096</td>\n      <td>1.095778</td>\n      <td>1.143112</td>\n      <td>0.816655</td>\n      <td>0.527745</td>\n      <td>1.612262</td>\n      <td>1.212038</td>\n      <td>0.916607</td>\n      <td>1.014060</td>\n      <td>1.208011</td>\n      <td>1.380806</td>\n      <td>0.959603</td>\n      <td>1.207539</td>\n      <td>1.035909</td>\n      <td>0.000000</td>\n      <td>1.179253</td>\n      <td>0.834440</td>\n    </tr>\n    <tr>\n      <th>W</th>\n      <td>0.474408</td>\n      <td>1.679513</td>\n      <td>0.420888</td>\n      <td>0.402335</td>\n      <td>0.308844</td>\n      <td>0.489493</td>\n      <td>0.681989</td>\n      <td>1.109897</td>\n      <td>0.649373</td>\n      <td>0.374314</td>\n      <td>0.625049</td>\n      <td>0.591486</td>\n      <td>0.425722</td>\n      <td>0.521980</td>\n      <td>0.565894</td>\n      <td>0.416941</td>\n      <td>0.420829</td>\n      <td>1.179253</td>\n      <td>0.000000</td>\n      <td>1.348876</td>\n    </tr>\n    <tr>\n      <th>Y</th>\n      <td>1.654408</td>\n      <td>0.862319</td>\n      <td>1.565089</td>\n      <td>1.474623</td>\n      <td>1.303579</td>\n      <td>1.403907</td>\n      <td>0.986374</td>\n      <td>0.819301</td>\n      <td>1.912586</td>\n      <td>1.496523</td>\n      <td>1.227827</td>\n      <td>1.301236</td>\n      <td>1.518396</td>\n      <td>1.676351</td>\n      <td>1.243503</td>\n      <td>1.493415</td>\n      <td>1.337322</td>\n      <td>0.834440</td>\n      <td>1.348876</td>\n      <td>0.000000</td>\n    </tr>\n  </tbody>\n</table>\n</div>"
     },
     "execution_count": 3,
     "metadata": {},
     "output_type": "execute_result"
    }
   ],
   "source": [
    "# Cleanup\n",
    "data = pd.read_csv('../DMS_data/P53_HUMAN_Giacomelli_WT_Nutlin_2018.csv')\n",
    "dat1 = dc.aufteilung_mut_pos(dc.min_max_norm(dc.z_transform(data)))\n",
    "# Distance Matrix\n",
    "distance_mat: pd.DataFrame = de.dms_distance_matrix(dat1)\n",
    "distance_mat"
   ],
   "metadata": {
    "collapsed": false,
    "ExecuteTime": {
     "end_time": "2023-07-03T20:43:35.773364200Z",
     "start_time": "2023-07-03T20:43:35.625115300Z"
    }
   }
  },
  {
   "cell_type": "code",
   "execution_count": 4,
   "outputs": [],
   "source": [
    "def bench_k_means(kmeans, name, data, labels):\n",
    "    \"\"\"Benchmark to evaluate the KMeans initialization methods.\n",
    "\n",
    "    Parameters\n",
    "    ----------\n",
    "    kmeans : KMeans instance\n",
    "        A :class:`~sklearn.cluster.KMeans` instance with the initialization\n",
    "        already set.\n",
    "    name : str\n",
    "        Name given to the strategy. It will be used to show the results in a\n",
    "        table.\n",
    "    data : ndarray of shape (n_samples, n_features)\n",
    "        The data to cluster.\n",
    "    labels : ndarray of shape (n_samples,)\n",
    "        The labels used to compute the clustering metrics which requires some\n",
    "        supervision.\n",
    "    \"\"\"\n",
    "    t0 = time()\n",
    "    estimator = make_pipeline(StandardScaler(), kmeans).fit(data)\n",
    "    fit_time = time() - t0\n",
    "    results = [name, fit_time, estimator[-1].inertia_]\n",
    "\n",
    "    # Define the metrics which require only the true labels and estimator\n",
    "    # labels\n",
    "    clustering_metrics = [\n",
    "        metrics.homogeneity_score,\n",
    "        metrics.completeness_score,\n",
    "        metrics.v_measure_score,\n",
    "        metrics.adjusted_rand_score,\n",
    "        metrics.adjusted_mutual_info_score,\n",
    "    ]\n",
    "    results += [m(labels, estimator[-1].labels_) for m in clustering_metrics]\n",
    "\n",
    "    # The silhouette score requires the full dataset\n",
    "    results += [\n",
    "        metrics.silhouette_score(\n",
    "            data,\n",
    "            estimator[-1].labels_,\n",
    "            metric=\"euclidean\",\n",
    "            sample_size=300,\n",
    "        )\n",
    "    ]\n",
    "\n",
    "    # Show the results\n",
    "    formatter_result = (\n",
    "        \"{:9s}\\t{:.3f}s\\t{:.0f}\\t{:.3f}\\t{:.3f}\\t{:.3f}\\t{:.3f}\\t{:.3f}\\t{:.3f}\"\n",
    "    )\n",
    "    print(formatter_result.format(*results))"
   ],
   "metadata": {
    "collapsed": false,
    "ExecuteTime": {
     "end_time": "2023-07-03T20:43:39.893718800Z",
     "start_time": "2023-07-03T20:43:39.883098900Z"
    }
   }
  },
  {
   "cell_type": "code",
   "execution_count": 5,
   "outputs": [
    {
     "name": "stderr",
     "output_type": "stream",
     "text": [
      "C:\\Users\\ennow\\anaconda3\\envs\\dms\\lib\\site-packages\\sklearn\\cluster\\_kmeans.py:1382: UserWarning: KMeans is known to have a memory leak on Windows with MKL, when there are less chunks than available threads. You can avoid it by setting the environment variable OMP_NUM_THREADS=1.\n",
      "  warnings.warn(\n"
     ]
    }
   ],
   "source": [
    "kmeans = KMeans(n_clusters=8, n_init='auto').fit(distance_mat)\n",
    "# pca -> scatter plott"
   ],
   "metadata": {
    "collapsed": false,
    "ExecuteTime": {
     "end_time": "2023-07-03T20:43:44.029714400Z",
     "start_time": "2023-07-03T20:43:43.891961900Z"
    }
   }
  },
  {
   "cell_type": "code",
   "execution_count": 6,
   "outputs": [
    {
     "ename": "ValueError",
     "evalue": "Found input variables with inconsistent numbers of samples: [20, 2]",
     "output_type": "error",
     "traceback": [
      "\u001B[1;31m---------------------------------------------------------------------------\u001B[0m",
      "\u001B[1;31mValueError\u001B[0m                                Traceback (most recent call last)",
      "Cell \u001B[1;32mIn[6], line 1\u001B[0m\n\u001B[1;32m----> 1\u001B[0m \u001B[43mmetrics\u001B[49m\u001B[38;5;241;43m.\u001B[39;49m\u001B[43msilhouette_score\u001B[49m\u001B[43m(\u001B[49m\u001B[43mdistance_mat\u001B[49m\u001B[43m,\u001B[49m\u001B[43m \u001B[49m\u001B[43m[\u001B[49m\u001B[43mx\u001B[49m\u001B[43m \u001B[49m\u001B[38;5;28;43;01mfor\u001B[39;49;00m\u001B[43m \u001B[49m\u001B[43mx\u001B[49m\u001B[43m \u001B[49m\u001B[38;5;129;43;01min\u001B[39;49;00m\u001B[43m \u001B[49m\u001B[38;5;28;43mrange\u001B[39;49m\u001B[43m(\u001B[49m\u001B[38;5;241;43m2\u001B[39;49m\u001B[43m)\u001B[49m\u001B[43m]\u001B[49m\u001B[43m)\u001B[49m\n",
      "File \u001B[1;32m~\\anaconda3\\envs\\dms\\lib\\site-packages\\sklearn\\metrics\\cluster\\_unsupervised.py:117\u001B[0m, in \u001B[0;36msilhouette_score\u001B[1;34m(X, labels, metric, sample_size, random_state, **kwds)\u001B[0m\n\u001B[0;32m    115\u001B[0m     \u001B[38;5;28;01melse\u001B[39;00m:\n\u001B[0;32m    116\u001B[0m         X, labels \u001B[38;5;241m=\u001B[39m X[indices], labels[indices]\n\u001B[1;32m--> 117\u001B[0m \u001B[38;5;28;01mreturn\u001B[39;00m np\u001B[38;5;241m.\u001B[39mmean(\u001B[43msilhouette_samples\u001B[49m\u001B[43m(\u001B[49m\u001B[43mX\u001B[49m\u001B[43m,\u001B[49m\u001B[43m \u001B[49m\u001B[43mlabels\u001B[49m\u001B[43m,\u001B[49m\u001B[43m \u001B[49m\u001B[43mmetric\u001B[49m\u001B[38;5;241;43m=\u001B[39;49m\u001B[43mmetric\u001B[49m\u001B[43m,\u001B[49m\u001B[43m \u001B[49m\u001B[38;5;241;43m*\u001B[39;49m\u001B[38;5;241;43m*\u001B[39;49m\u001B[43mkwds\u001B[49m\u001B[43m)\u001B[49m)\n",
      "File \u001B[1;32m~\\anaconda3\\envs\\dms\\lib\\site-packages\\sklearn\\metrics\\cluster\\_unsupervised.py:212\u001B[0m, in \u001B[0;36msilhouette_samples\u001B[1;34m(X, labels, metric, **kwds)\u001B[0m\n\u001B[0;32m    152\u001B[0m \u001B[38;5;28;01mdef\u001B[39;00m \u001B[38;5;21msilhouette_samples\u001B[39m(X, labels, \u001B[38;5;241m*\u001B[39m, metric\u001B[38;5;241m=\u001B[39m\u001B[38;5;124m\"\u001B[39m\u001B[38;5;124meuclidean\u001B[39m\u001B[38;5;124m\"\u001B[39m, \u001B[38;5;241m*\u001B[39m\u001B[38;5;241m*\u001B[39mkwds):\n\u001B[0;32m    153\u001B[0m     \u001B[38;5;124;03m\"\"\"Compute the Silhouette Coefficient for each sample.\u001B[39;00m\n\u001B[0;32m    154\u001B[0m \n\u001B[0;32m    155\u001B[0m \u001B[38;5;124;03m    The Silhouette Coefficient is a measure of how well samples are clustered\u001B[39;00m\n\u001B[1;32m   (...)\u001B[0m\n\u001B[0;32m    210\u001B[0m \u001B[38;5;124;03m       <https://en.wikipedia.org/wiki/Silhouette_(clustering)>`_\u001B[39;00m\n\u001B[0;32m    211\u001B[0m \u001B[38;5;124;03m    \"\"\"\u001B[39;00m\n\u001B[1;32m--> 212\u001B[0m     X, labels \u001B[38;5;241m=\u001B[39m \u001B[43mcheck_X_y\u001B[49m\u001B[43m(\u001B[49m\u001B[43mX\u001B[49m\u001B[43m,\u001B[49m\u001B[43m \u001B[49m\u001B[43mlabels\u001B[49m\u001B[43m,\u001B[49m\u001B[43m \u001B[49m\u001B[43maccept_sparse\u001B[49m\u001B[38;5;241;43m=\u001B[39;49m\u001B[43m[\u001B[49m\u001B[38;5;124;43m\"\u001B[39;49m\u001B[38;5;124;43mcsc\u001B[39;49m\u001B[38;5;124;43m\"\u001B[39;49m\u001B[43m,\u001B[49m\u001B[43m \u001B[49m\u001B[38;5;124;43m\"\u001B[39;49m\u001B[38;5;124;43mcsr\u001B[39;49m\u001B[38;5;124;43m\"\u001B[39;49m\u001B[43m]\u001B[49m\u001B[43m)\u001B[49m\n\u001B[0;32m    214\u001B[0m     \u001B[38;5;66;03m# Check for non-zero diagonal entries in precomputed distance matrix\u001B[39;00m\n\u001B[0;32m    215\u001B[0m     \u001B[38;5;28;01mif\u001B[39;00m metric \u001B[38;5;241m==\u001B[39m \u001B[38;5;124m\"\u001B[39m\u001B[38;5;124mprecomputed\u001B[39m\u001B[38;5;124m\"\u001B[39m:\n",
      "File \u001B[1;32m~\\anaconda3\\envs\\dms\\lib\\site-packages\\sklearn\\utils\\validation.py:1124\u001B[0m, in \u001B[0;36mcheck_X_y\u001B[1;34m(X, y, accept_sparse, accept_large_sparse, dtype, order, copy, force_all_finite, ensure_2d, allow_nd, multi_output, ensure_min_samples, ensure_min_features, y_numeric, estimator)\u001B[0m\n\u001B[0;32m   1106\u001B[0m X \u001B[38;5;241m=\u001B[39m check_array(\n\u001B[0;32m   1107\u001B[0m     X,\n\u001B[0;32m   1108\u001B[0m     accept_sparse\u001B[38;5;241m=\u001B[39maccept_sparse,\n\u001B[1;32m   (...)\u001B[0m\n\u001B[0;32m   1119\u001B[0m     input_name\u001B[38;5;241m=\u001B[39m\u001B[38;5;124m\"\u001B[39m\u001B[38;5;124mX\u001B[39m\u001B[38;5;124m\"\u001B[39m,\n\u001B[0;32m   1120\u001B[0m )\n\u001B[0;32m   1122\u001B[0m y \u001B[38;5;241m=\u001B[39m _check_y(y, multi_output\u001B[38;5;241m=\u001B[39mmulti_output, y_numeric\u001B[38;5;241m=\u001B[39my_numeric, estimator\u001B[38;5;241m=\u001B[39mestimator)\n\u001B[1;32m-> 1124\u001B[0m \u001B[43mcheck_consistent_length\u001B[49m\u001B[43m(\u001B[49m\u001B[43mX\u001B[49m\u001B[43m,\u001B[49m\u001B[43m \u001B[49m\u001B[43my\u001B[49m\u001B[43m)\u001B[49m\n\u001B[0;32m   1126\u001B[0m \u001B[38;5;28;01mreturn\u001B[39;00m X, y\n",
      "File \u001B[1;32m~\\anaconda3\\envs\\dms\\lib\\site-packages\\sklearn\\utils\\validation.py:397\u001B[0m, in \u001B[0;36mcheck_consistent_length\u001B[1;34m(*arrays)\u001B[0m\n\u001B[0;32m    395\u001B[0m uniques \u001B[38;5;241m=\u001B[39m np\u001B[38;5;241m.\u001B[39munique(lengths)\n\u001B[0;32m    396\u001B[0m \u001B[38;5;28;01mif\u001B[39;00m \u001B[38;5;28mlen\u001B[39m(uniques) \u001B[38;5;241m>\u001B[39m \u001B[38;5;241m1\u001B[39m:\n\u001B[1;32m--> 397\u001B[0m     \u001B[38;5;28;01mraise\u001B[39;00m \u001B[38;5;167;01mValueError\u001B[39;00m(\n\u001B[0;32m    398\u001B[0m         \u001B[38;5;124m\"\u001B[39m\u001B[38;5;124mFound input variables with inconsistent numbers of samples: \u001B[39m\u001B[38;5;132;01m%r\u001B[39;00m\u001B[38;5;124m\"\u001B[39m\n\u001B[0;32m    399\u001B[0m         \u001B[38;5;241m%\u001B[39m [\u001B[38;5;28mint\u001B[39m(l) \u001B[38;5;28;01mfor\u001B[39;00m l \u001B[38;5;129;01min\u001B[39;00m lengths]\n\u001B[0;32m    400\u001B[0m     )\n",
      "\u001B[1;31mValueError\u001B[0m: Found input variables with inconsistent numbers of samples: [20, 2]"
     ]
    }
   ],
   "source": [
    "metrics.silhouette_score(distance_mat, [x for x in range(2)])"
   ],
   "metadata": {
    "collapsed": false,
    "ExecuteTime": {
     "end_time": "2023-07-03T20:43:52.039966300Z",
     "start_time": "2023-07-03T20:43:51.674159700Z"
    }
   }
  },
  {
   "cell_type": "markdown",
   "source": [],
   "metadata": {
    "collapsed": false
   }
  },
  {
   "cell_type": "code",
   "execution_count": null,
   "outputs": [],
   "source": [
    "#trying some other stuff"
   ],
   "metadata": {
    "collapsed": false
   }
  },
  {
   "cell_type": "code",
   "execution_count": 10,
   "outputs": [],
   "source": [
    "import data_cleanup as dc\n",
    "import data_exploration as de\n",
    "import pandas as pd\n",
    "from sklearn.cluster import KMeans\n",
    "from sklearn.metrics import silhouette_score\n",
    "import seaborn as sns\n",
    "from sklearn.decomposition import PCA\n",
    "import matplotlib.pyplot as plt\n",
    "\n",
    "aa = pd.read_csv('../DMS_data/aminoacids.csv')\n",
    "\n",
    "gia_null_eto: pd.DataFrame = pd.read_csv('../DMS_data/P53_HUMAN_Giacomelli_NULL_Etoposide_2018.csv')\n",
    "norm_frame = dc.aufteilung_mut_pos(dc.norm(gia_null_eto))"
   ],
   "metadata": {
    "collapsed": false,
    "ExecuteTime": {
     "end_time": "2023-07-03T20:47:21.202927500Z",
     "start_time": "2023-07-03T20:47:21.110095600Z"
    }
   }
  },
  {
   "cell_type": "code",
   "execution_count": 11,
   "outputs": [],
   "source": [
    "dist_chem = de.aa_distance_matrix(aa)\n",
    "dist_p53 = de.dms_distance_matrix(norm_frame)\n",
    "\n",
    "feature_matrix_p53 = dc.rmv_na(de.mean_substitutions(norm_frame))"
   ],
   "metadata": {
    "collapsed": false,
    "ExecuteTime": {
     "end_time": "2023-07-03T20:47:23.407289600Z",
     "start_time": "2023-07-03T20:47:23.341002400Z"
    }
   }
  },
  {
   "cell_type": "code",
   "execution_count": 12,
   "outputs": [
    {
     "data": {
      "text/plain": "<Figure size 800x800 with 1 Axes>",
