AS_old,A,C,D,E,F,G,H,I,K,L,M,N,P,Q,R,S,T,V,W,Y
A,0.0,5.118418537251018,1.0011266435206412,0.9507912117890207,3.86550557942778,1.093999081691919,1.7273962671948648,5.869602411273143,1.3540014831914773,1.8586566383962406,1.982457363875939,1.4497494495974417,0.6197275040555535,1.4229360896152448,2.3825157150466674,0.8795735117865824,1.4288046162428898,3.844110622980266,2.6788161590551858,5.224923664964815
C,5.118418537251018,0.0,5.157128043745583,5.2256213066554835,2.2664079211837884,4.671423052099922,4.21558485573402,2.799431258121835,5.807397808647901,4.018940172941135,3.878780354863036,4.844396765259105,5.130724080306091,6.064422840921595,3.4619676122385683,5.276711387825496,4.375534368487438,2.457429807111784,3.015104980409416,2.0062322048637355
D,1.0011266435206412,5.157128043745583,0.0,0.9812799203366631,3.7584197762444598,1.0823368667347253,1.6566700800272314,6.0418288936539515,1.3548571972682382,2.0160117859431117,1.9484552008524854,1.2688763228280941,0.8863586107724413,1.4814242418693853,2.3288844304125313,0.9812954790923824,1.5167870015426859,3.8411708459129574,2.628413517859224,5.168214245623664
E,0.9507912117890207,5.2256213066554835,0.9812799203366631,0.0,3.8518849948661944,0.9588258128020594,1.639292975724327,5.9292818536259935,1.0795861536330043,1.8203976997012707,1.89512480583468,1.3023628782798375,0.923045903770097,1.3667851189553395,2.307710043890154,1.0344835842286875,1.3865306943105822,3.846768892848992,2.6803315721480687,5.261142453352614
F,3.86550557942778,2.2664079211837884,3.7584197762444598,3.851884994866195,0.0,3.46214724886049,2.8051991136840706,3.1170827499527483,4.394296894896563,2.5391476335031107,2.594098338721502,3.492565565915264,3.8208059084907586,4.605781489845767,2.2958754075256556,3.973795319283684,3.162374960882125,1.9850988839253954,2.0919203783273623,2.351547845364025
G,1.093999081691919,4.671423052099922,1.0823368667347253,0.9588258128020594,3.46214724886049,0.0,1.3223929060503339,5.478071667420034,1.584927884080599,1.630218830885565,1.5790115351474363,1.2167043248784222,0.9587178753905533,1.8478090183534237,1.8464255918519086,1.1570932489602472,1.0732990121077082,3.380896016015545,2.270992551736259,4.7896853896400815
H,1.7273962671948648,4.21558485573402,1.6566700800272314,1.639292975724327,2.8051991136840706,1.3223929060503339,0.0,5.1924993000329485,2.217341536778649,1.468733153195904,1.7197251214043956,1.441529198320424,1.6818921043809263,2.3463978154763825,1.8493988402480828,1.6790550310068444,1.3732270921463516,3.2832697880378294,1.9324567085529547,4.188191582681274
I,5.869602411273143,2.799431258121835,6.0418288936539515,5.9292818536259935,3.1170827499527483,5.478071667420034,5.1924993000329485,0.0,6.404812701097656,4.593600456193335,4.560649473060886,5.71449258128456,5.889324941057396,6.628172728965175,4.191127987419374,6.1306162594539915,5.075545782096813,2.830290419458611,4.264680384804374,3.487852471695151
K,1.3540014831914773,5.807397808647901,1.3548571972682382,1.0795861536330043,4.394296894896563,1.584927884080599,2.217341536778649,6.404812701097656,0.0,2.3341077670168566,2.44415873407255,1.6285341752420233,1.27069528984122,1.1736598712467474,2.8591895013273656,1.243476458437682,1.8354777486575418,4.438678769545323,3.420945556509739,5.984730244494883
L,1.8586566383962406,4.018940172941136,2.0160117859431117,1.8203976997012707,2.5391476335031107,1.630218830885565,1.468733153195904,4.593600456193335,2.3341077670168566,0.0,1.4112087751919717,1.9047517383083201,1.8214695180381042,2.6414143272003696,1.6515142470953086,1.9706668591306993,1.508891343546274,2.68347503115825,1.8604350652159023,4.185850042359976
M,1.982457363875939,3.878780354863036,1.9484552008524854,1.89512480583468,2.594098338721502,1.5790115351474363,1.7197251214043956,4.560649473060886,2.44415873407255,1.4112087751919717,0.0,1.7087359640776674,1.977488865626616,2.749233990363907,1.186636006031308,2.119862662009116,1.3002016379630357,2.4338329470854156,1.6574349528977483,4.206092617948904
N,1.4497494495974417,4.844396765259105,1.2688763228280941,1.3023628782798375,3.492565565915264,1.2167043248784222,1.441529198320424,5.71449258128456,1.6285341752420233,1.9047517383083201,1.7087359640776674,0.0,1.3602967719110364,1.6983805230840088,1.9913287390658145,1.412119186175359,1.3304739047379135,3.6594237293128993,2.5473672977794006,4.965470869642532
P,0.6197275040555535,5.130724080306091,0.8863586107724413,0.923045903770097,3.820805908490758,0.9587178753905533,1.6818921043809263,5.889324941057397,1.27069528984122,1.8214695180381042,1.977488865626616,1.3602967719110364,0.0,1.2964255761811014,2.2234768408216476,0.5695876073347744,1.3998772389235736,3.876164637853268,2.72559692077342,5.25145675188281
Q,1.4229360896152448,6.064422840921595,1.4814242418693853,1.3667851189553395,4.605781489845767,1.8478090183534237,2.3463978154763825,6.628172728965175,1.1736598712467474,2.641414327200369,2.7492339903639067,1.6983805230840088,1.2964255761811017,0.0,3.056467158178988,1.2352551732317816,2.1201565573589427,4.741112129559307,3.7005344980664394,6.097839293950938
R,2.3825157150466674,3.4619676122385683,2.3288844304125313,2.307710043890154,2.2958754075256556,1.8464255918519086,1.8493988402480828,4.191127987419374,2.8591895013273656,1.6515142470953086,1.186636006031308,1.9913287390658145,2.2234768408216476,3.0564671581789886,0.0,2.4120572033546,1.4807300704556987,2.4509301131065007,1.5528846994639183,3.889725180742928
S,0.8795735117865824,5.276711387825496,0.9812954790923824,1.0344835842286875,3.9737953192836835,1.1570932489602472,1.6790550310068444,6.1306162594539915,1.243476458437682,1.9706668591306993,2.119862662009116,1.412119186175359,0.5695876073347744,1.2352551732317816,2.4120572033546,0.0,1.5359924424185547,4.063648952133305,2.868598494115659,5.435527399220622
T,1.4288046162428898,4.375534368487438,1.5167870015426859,1.3865306943105822,3.1623749608821257,1.0732990121077082,1.3732270921463516,5.075545782096813,1.8354777486575418,1.508891343546274,1.3002016379630357,1.3304739047379135,1.3998772389235736,2.1201565573589427,1.4807300704556987,1.5359924424185547,0.0,3.10844560550188,2.1427963768503706,4.757716581628274
V,3.844110622980266,2.457429807111784,3.8411708459129574,3.846768892848992,1.9850988839253954,3.380896016015545,3.2832697880378294,2.8302904194586116,4.438678769545323,2.68347503115825,2.4338329470854156,3.6594237293128993,3.876164637853268,4.741112129559307,2.4509301131065007,4.063648952133305,3.10844560550188,0.0,2.189337734771606,2.9555423457838375
W,2.6788161590551858,3.015104980409416,2.628413517859224,2.6803315721480687,2.0919203783273623,2.2709925517362586,1.9324567085529547,4.264680384804374,3.420945556509739,1.8604350652159023,1.6574349528977483,2.5473672977794006,2.72559692077342,3.7005344980664394,1.5528846994639183,2.868598494115659,2.1427963768503706,2.189337734771606,0.0,3.13166766673331
Y,5.224923664964816,2.0062322048637355,5.168214245623665,5.261142453352614,2.351547845364025,4.7896853896400815,4.188191582681274,3.487852471695151,5.984730244494883,4.185850042359976,4.206092617948904,4.965470869642532,5.25145675188281,6.097839293950938,3.889725180742928,5.435527399220622,4.757716581628274,2.9555423457838375,3.13166766673331,0.0
